0.02774 0 0 0.417956
0.0693267 0 0 0.651408
0.086705 0 0 0.724629
0.164205 0 0 0.958099
0.206688 0 0 1.04332
0.292976 0 0 1.06629
0.369987 0 0 0.404411
0.420939 0 0 0.32334
0.475733 0 0 0.0837712
0.513947 0 0 0.264328
0.551169 0 0 0.351217
0.602374 0 0 0.448526
0.672566 0 0 0.569615
0.718594 0 0 0.627872
0.764429 0 0 0.674077
0.807733 0 0 0.709774
0.855036 0 0 0.742173
0.915871 0 0 0.775954
0.94754 0 0 0.79106
0.999065 0 0 0.81224
1.05387 0 0 0.828673
1.13858 0 0 0.801028
1.1793 0 0 0.749117
1.22283 0 0 0.729569
1.30009 0 0 0.72917
1.33053 0 0 0.729751
1.41175 0 0 0.729998
1.4631 0 0 0.73335
1.51345 0 0 0.738751
1.55987 0 0 0.743695
1.58043 0 0 0.745724
1.66328 0 0 0.752901
1.71207 0 0 0.756351
1.7602 0 0 0.759299
1.81499 0 0 0.762218
1.86393 0 0 0.764616
1.91637 0 0 0.774497
1.96157 0 0 0.787806
2.0168 0 0 0.802012
2.05625 0 0 0.811499
2.11909 0 0 0.827622
2.14828 0 0 0.835066
2.19674 0 0 0.847414
2.2421 0 0 0.85852
2.33266 0 0 0.878173
2.36413 0 0 0.883668
2.42295 0 0 0.892994
2.47537 0 0 0.900338
2.51862 0 0 0.91176
2.57255 0 0 0.939811
2.62602 0 0 0.972787
2.66359 0 0 0.994922
2.71429 0 0 1.02234
2.77908 0 0 1.05356
2.83342 0 0 1.07721
2.88727 0 0 1.09837
2.93104 0 0 1.11353
3.00078 0 0 1.13486
3.03617 0 0 1.14461
3.10274 0 0 1.16091
3.14886 0 0 1.17109
3.20992 0 0 1.18302
3.26912 0 0 1.19341
3.32422 0 0 1.20196
3.38891 0 0 1.21104
3.42547 0 0 1.21283
3.48149 0 0 1.19471
3.54622 0 0 1.15971
3.59782 0 0 1.15837
3.64905 0 0 1.15997
3.70175 0 0 1.16016
3.74509 0 0 1.16143
3.79122 0 0 1.16473
3.8039 0 0 1.16583
3.86144 0 0 1.17062
3.92259 0 0 1.17524
4.03359 0 0 1.18243
4.09334 0 0 1.18563
4.13065 0 0 1.18306
4.15143 0 0 1.18084
4.23712 0 0 1.16558
4.25497 0 0 1.1637
4.34858 0 0 1.15775
4.40984 0 0 1.15652
4.47011 0 0 1.15711
4.53607 0 0 1.1576
4.5527 0 0 1.15767
4.57313 0 0 1.15775
4.67742 0 0 1.15815
4.7264 0 0 1.15832
4.80882 0 0 1.14761
4.84413 0 0 1.13798
4.86777 0 0 1.13553
4.96372 0 0 1.13534
4.99907 0 0 1.13593
5.04582 0 0 1.13628
5.1112 0 0 1.13657
5.13694 0 0 1.13667
5.17488 0 0 1.13681
5.27469 0 0 1.13718
5.32767 0 0 1.13735
5.35339 0 0 1.13742
5.46097 0 0 1.13769
5.52074 0 0 1.13782
5.54276 0 0 1.13787
5.5853 0 0 1.13794
5.6844 0 0 1.13811
5.73535 0 0 1.13818
5.79051 0 0 1.13825
5.80813 0 0 1.13827
5.87909 0 0 1.13835
5.946 0 0 1.1252
5.99323 0 0 1.10331
6.0155 0 0 1.09264
6.06741 0 0 1.07865
6.10766 0 0 1.07206
6.13059 0 0 1.0691
6.21879 0 0 1.02604
6.29344 0 0 0.974171
6.31663 0 0 0.965029
6.36623 0 0 0.95953
6.48152 0 0 0.948095
6.50806 0 0 0.940715
6.55588 0 0 0.938742
6.62825 0 0 0.940224
6.66209 0 0 0.941071
6.74123 0 0 0.942305
6.78647 0 0 0.942797
6.85196 0 0 0.943405
6.86911 0 0 0.944003
6.896 0 0 0.946192
6.97246 0 0 0.956071
7.04731 0 0 0.970113
7.11818 0 0 0.985685
7.18299 0 0 0.998888
7.24181 0 0 1.01068
7.28031 0 0 1.02038
7.34217 0 0 1.03526
7.39793 0 0 1.04711
7.40828 0 0 1.04921
7.44569 0 0 1.05655
7.49931 0 0 1.06657
7.5665 0 0 1.07785
7.66075 0 0 1.09135
7.70508 0 0 1.09664
7.72297 0 0 1.09858
7.81899 0 0 1.10809
7.84768 0 0 1.11066
7.94949 0 0 1.10975
7.99963 0 0 1.10857
8.0516 0 0 1.10881
8.10774 0 0 1.10902
8.1421 0 0 1.1091
8.15945 0 0 1.10912
8.18762 0 0 1.10586
8.32281 0 0 1.08726
8.37929 0 0 1.08482
8.43417 0 0 1.08595
8.47055 4.67481e-08 3.20714e-05 1.08525
8.52377 1.36703e-05 0.00184283 1.06569
8.60381 0.000624836 0.0152057 0.635356
8.66893 0.00216029 0.04936 0.228008
8.71902 0.00492552 0.0875365 0.370486
8.76828 0.00961336 0.136452 0.456955
8.80408 0.0145662 0.195424 0.497974
8.86799 0.0294129 0.246165 0.544492
8.88884 0.0386199 0.303661 0.554461
8.93143 0.0593555 0.345565 0.570533
8.99956 0.092437 0.373105 0.591019
9.03532 0.109505 0.403957 0.599022
9.06443 0.124271 0.436666 0.604709
9.11704 0.152733 0.454731 0.613579
9.16494 0.178981 0.469903 0.620425
9.23786 0.219963 0.510807 0.628684
9.29123 0.254874 0.556045 0.633426
9.34157 0.295195 0.604452 0.637112
9.37968 0.330905 0.65417 0.639541
9.40768 0.35993 0.707839 0.641159
9.43778 0.394324 0.766873 0.642772
9.46845 0.434998 0.826088 0.644274
9.50757 0.49443 0.897319 0.646045
9.52862 0.533479 0.957465 0.646906
9.54991 0.577484 1.02956 0.647748
9.57478 0.639507 1.09032 0.648701
9.58309 0.66487 1.1622 0.649018
9.60871 0.767055 1.22246 0.650052
9.61433 0.805133 1.28287 0.650337
9.61855 0.843661 1.3409 0.650642
9.62059 0.870183 1.37759 0.653152
9.63054 0.966565 1.38264 0.670314
9.63955 1.01338 1.38273 0.678196
9.64736 1.05437 1.38275 0.685068
9.65349 1.08662 1.38276 0.691532
9.66124 1.12736 1.38278 0.700265
9.67404 1.19468 1.3844 0.715332
9.68223 1.24046 1.40116 0.725241
9.68736 1.27501 1.42613 0.731909
9.69649 1.37454 1.45525 0.747715
9.6973 1.41722 1.48707 0.752841
9.69656 1.47244 1.51964 0.758675
9.69549 1.49861 1.55599 0.76114
9.69014 1.57745 1.58007 0.767554
9.68674 1.62351 1.59726 0.770672
9.68272 1.67748 1.61025 0.773821
9.67986 1.721 1.6121 0.776025
9.67726 1.77484 1.61214 0.778413
9.67479 1.83436 1.61215 0.780679
9.6732 1.87289 1.61215 0.781942
9.67127 1.91961 1.61216 0.783297
9.66937 1.96548 1.61216 0.784477
9.66814 1.99515 1.61217 0.785151
9.66532 2.06327 1.61217 0.786503
9.66106 2.1663 1.61218 0.788217
9.66005 2.19063 1.61218 0.788525
9.65922 2.21052 1.61201 0.788883
9.65744 2.25418 1.60692 0.790253
9.6548 2.34431 1.5939 0.794082
9.65445 2.39167 1.57417 0.796132
9.6577 2.48841 1.56076 0.799537
9.65957 2.53397 1.55755 0.800781
9.66032 2.56603 1.55737 0.801586
9.66134 2.63726 1.55743 0.803149
9.66182 2.67374 1.55742 0.803845
9.66214 2.69734 1.55741 0.804245
9.66349 2.7987 1.55741 0.805762
9.6642 2.85151 1.5574 0.806392
9.66482 2.89696 1.55703 0.80686
9.66578 2.95804 1.55442 0.807429
9.66729 3.01729 1.55025 0.807889
9.66906 3.06722 1.54434 0.808224
9.67117 3.1131 1.5368 0.808495
9.67387 3.16928 1.53426 0.808785
9.67636 3.22884 1.5339 0.80905
9.678 3.27189 1.53389 0.809217
9.68095 3.352 1.5339 0.809547
9.68274 3.40035 1.53391 0.810181
9.68405 3.4359 1.53392 0.810647
9.68633 3.49779 1.53393 0.811354
9.68816 3.54746 1.53393 0.811842
9.6893 3.57833 1.53394 0.812114
9.69208 3.65389 1.53395 0.812693
9.69301 3.67908 1.53396 0.812901
9.69465 3.72371 1.53397 0.816886
9.6964 3.77117 1.53398 0.825489
9.6996 3.85804 1.53398 0.851518
9.7013 3.90457 1.53565 0.866809
9.70228 3.93812 1.54348 0.879581
9.70291 3.98971 1.55508 0.900049
9.7025 4.05754 1.56797 0.927291
9.70157 4.09396 1.57741 0.943263
9.69946 4.16997 1.58053 0.978389
9.69862 4.2106 1.58102 0.997314
9.69786 4.27245 1.58111 1.02462
9.6975 4.30583 1.58113 1.03911
9.69656 4.39609 1.58113 1.07603
9.69604 4.44639 1.58113 1.09462
9.69567 4.48199 1.58173 1.1072
9.69491 4.54253 1.58415 1.12726
9.6944 4.57336 1.59098 1.13668
9.69272 4.62938 1.60582 1.15186
9.69137 4.66075 1.62509 1.15971
9.6889 4.70173 1.64091 1.16906
9.68506 4.75342 1.64639 1.17982
9.67524 4.87123 1.64715 1.20165
9.66798 4.9567 1.64724 1.21577
9.66126 5.04004 1.64727 1.22739
9.65726 5.09249 1.64727 1.23355
9.65404 5.13482 1.64726 1.23814
9.65086 5.17635 1.64726 1.24234
9.64713 5.22501 1.64725 1.24698
9.64362 5.27087 1.64724 1.25103
9.64176 5.2951 1.64723 1.25301
9.63582 5.37263 1.64723 1.25877
9.62956 5.45443 1.64722 1.26421
9.62306 5.53929 1.64721 1.269
9.61925 5.5893 1.6462 1.27147
9.61612 5.63329 1.63568 1.27347
9.61293 5.69584 1.62002 1.27608
9.61174 5.73749 1.59913 1.2777
9.61193 5.81001 1.57849 1.28023
9.61272 5.83922 1.56015 1.28116
9.61558 5.90648 1.548 1.28312
9.61679 5.93222 1.54155 1.28383
9.61931 5.98802 1.53907 1.28523
9.62006 6.00597 1.53856 1.28566
9.62154 6.04437 1.53843 1.28651
9.6257 6.16359 1.53839 1.28891
9.62727 6.21167 1.53838 1.28976
9.6291 6.26842 1.53837 1.29065
9.63109 6.32987 1.53836 1.29152
9.63235 6.36868 1.53836 1.29203
9.63368 6.40939 1.53836 1.29252
9.63528 6.45882 1.53835 1.29309
9.63796 6.54139 1.53835 1.29395
9.63953 6.58987 1.53835 1.29439
9.64129 6.64384 1.53835 1.29484
9.64327 6.705 1.53834 1.29535
9.64504 6.75943 1.53834 1.29633
9.64694 6.81788 1.53834 1.29789
9.64855 6.86752 1.53834 1.29914
9.64954 6.89787 1.53833 1.29722
9.65109 6.94588 1.53833 1.26822
9.65329 7.01415 1.54007 1.03682
9.65548 7.09919 1.54692 0.18086
9.65637 7.14117 1.56122 0.428169
9.65606 7.19007 1.57737 0.585236
9.65327 7.23619 1.59649 0.688433
9.64988 7.27646 1.61558 0.759924
9.64522 7.32424 1.63331 0.828728
9.64295 7.3472 1.63683 0.857098
9.64057 7.37326 1.63715 0.884463
9.63467 7.44706 1.63719 0.947393
9.62879 7.52941 1.63942 1.00354
9.62419 7.59206 1.65195 1.03629
9.62031 7.63484 1.67296 1.05536
9.61441 7.68066 1.70706 1.07309
9.61 7.70728 1.74694 1.082
9.58819 7.80847 1.78482 1.11073
9.56473 7.89218 1.82436 1.13069
9.55362 7.92288 1.88184 1.12275
9.5196 8.00206 1.93891 0.520308
9.50102 8.04653 1.99986 0.243041
9.48173 8.08954 2.05477 0.461896
9.44565 8.14716 2.10711 0.614347
9.4132 8.18334 2.16379 0.68639
9.39426 8.20267 2.22127 0.718939
9.3725 8.22375 2.27829 0.751547
9.30635 8.2809 2.3355 0.827792
9.27339 8.30522 2.39724 0.855152
9.2321 8.33269 2.45575 0.8839
9.18822 8.35865 2.52431 0.909554
9.13329 8.38648 2.58217 0.935714
9.07953 8.40993 2.64008 0.957695
9.04206 8.42342 2.69814 0.971759
8.98931 8.43951 2.75596 0.989674
8.95213 8.44887 2.81376 1.00081
8.91137 8.45705 2.88224 1.01167
8.84143 8.46712 2.9299 1.0283
8.79227 8.47328 2.9446 1.03942
8.72567 8.48307 2.94638 1.05329
8.68029 8.49125 2.94662 1.0617
8.62813 8.50139 2.94668 1.07048
8.56749 8.51342 2.94671 1.07967
8.52082 8.52264 2.94673 1.08631
8.48954 8.52881 2.94674 1.09108
8.46709 8.53324 2.94675 1.09445
8.39186 8.54807 2.94793 1.10481
8.29406 8.56698 2.95735 1.1168
8.25744 8.57314 2.99188 1.12057
8.23202 8.57615 3.03112 1.12289
8.12521 8.58261 3.07274 1.13173
8.07021 8.58182 3.1194 1.1357
8.0319 8.57882 -3.11901 1.13813
7.98917 8.57405 -3.05978 1.14065
7.92562 8.56404 -3.02304 1.12503
7.84226 8.54904 -3.01059 1.0881
7.81646 8.54474 -3.00975 1.08126
7.72959 8.53217 -3.00962 1.07805
7.67275 8.52458 -3.0096 1.07948
7.61789 8.51733 -3.0096 1.07985
7.57287 8.51135 -3.00961 1.07982
7.53343 8.50612 -3.01057 1.07984
7.4715 8.49828 -3.021 1.07988
7.41726 8.49309 -3.04008 1.08086
7.37496 8.49049 -3.06318 1.08259
7.32108 8.48887 -3.08704 1.08496
7.25977 8.48887 -3.10855 1.08756
7.22701 8.48942 -3.12408 1.08979
7.17631 8.49025 -3.13031 1.09349
7.1107 8.49071 -3.13148 1.09786
7.06704 8.49048 -3.13166 1.10039
7.0109 8.48998 -3.13169 1.10333
6.95366 8.48943 -3.13169 1.10601
6.91138 8.48901 -3.13168 1.1078
6.85791 8.48848 -3.13166 1.10986
6.80768 8.48798 -3.13165 1.11162
6.7846 8.48775 -3.13164 1.11237
6.76397 8.48755 -3.13162 1.1133
6.72696 8.48718 -3.1316 1.11604
6.66523 8.48656 -3.13159 1.12292
6.53612 8.48527 -3.13157 1.14851
6.48593 8.48476 -3.13156 1.17487
6.44253 8.48433 -3.13155 1.21006
6.40602 8.48396 -3.13153 1.24496
6.38643 8.48376 -3.13152 1.26396
6.31828 8.48308 -3.13151 1.3255
6.22936 8.48218 -3.1315 1.39839
6.19394 8.48182 -3.13148 1.42441
6.14529 8.48133 -3.13147 1.45597
6.0902 8.48077 -3.13145 1.48706
6.04697 8.48033 -3.13144 1.50926
5.98273 8.47968 -3.13142 1.53959
5.88544 8.47869 -3.13141 1.58093
5.82277 8.47805 -3.1314 1.60483
5.783 8.47764 -3.13139 1.61866
5.7215 8.47701 -3.13137 1.63854
5.68597 8.47665 -3.13136 1.64931
5.65055 8.47629 -3.13135 1.65946
5.5982 8.47575 -3.13134 1.67348
5.55373 8.47529 -3.13132 1.68475
5.52393 8.47499 -3.13131 1.69187
5.42574 8.47398 -3.13129 1.71368
5.36041 8.47331 -3.13128 1.72742
5.30605 8.47274 -3.13127 1.73848
5.27223 8.47239 -3.13125 1.74519
5.2215 8.47187 -3.13124 1.75526
5.19689 8.47162 -3.13122 1.76026
5.16991 8.47134 -3.1312 1.76599
5.11621 8.47078 -3.13119 1.77831
5.05893 8.47018 -3.13117 1.79233
5.01119 8.46969 -3.13115 1.80445
4.94961 8.46905 -3.13114 1.82027
4.85041 8.46801 -3.13113 1.84557
4.7928 8.46741 -3.13111 1.85993
4.74379 8.4669 -3.13109 1.87161
4.68352 8.46627 -3.13108 1.88503
4.55169 8.46488 -3.13106 1.91155
4.49218 8.46426 -3.13105 1.92222
4.44921 8.46381 -3.13104 1.92904
4.41181 8.46341 -3.13102 1.9343
4.36454 8.46291 -3.131 1.94021
4.24342 8.46163 -3.13098 1.95317
4.13207 8.46045 -3.13097 1.96374
4.09887 8.4601 -3.13095 1.96682
4.02037 8.45927 -3.13094 1.97429
3.92673 8.45827 -3.13092 1.98315
3.89039 8.45788 -3.13091 1.98647
3.80545 8.45698 -3.1309 1.99367
3.75947 8.45648 -3.13088 1.99727
3.7041 8.45589 -3.13087 2.00132
3.6763 8.45559 -3.13086 2.00325
3.62265 8.45502 -3.13084 2.00679
3.56438 8.45439 -3.13083 2.01043
3.50025 8.4537 -3.13081 2.01422
3.43603 8.45301 -3.13079 2.01774
3.36332 8.45223 -3.13078 2.02142
3.29266 8.45146 -3.13077 2.02476
3.23595 8.45085 -3.13075 2.02727
3.21223 8.45059 -3.13073 2.02826
3.17694 8.45021 -3.13071 2.02966
3.10095 8.44938 -3.1307 2.03251
2.99911 8.44828 -3.13069 2.03611
2.91567 8.44737 -3.13067 2.03882
2.8926 8.44712 -3.13065 2.03951
2.80546 8.44616 -3.13063 2.04191
2.75798 8.44564 -3.13062 2.04315
2.67487 8.44473 -3.1306 2.04518
2.64404 8.4444 -3.13059 2.04589
2.57544 8.44364 -3.13058 2.04738
2.48453 8.44264 -3.13056 2.04921
2.4096 8.44182 -3.13055 2.05061
2.36877 8.44137 -3.13054 2.05131
2.30621 8.44068 -3.13052 2.05045
2.27994 8.44038 -3.13051 2.04737
2.21257 8.43964 -3.1305 2.04063
2.14418 8.43888 -3.13048 2.03745
2.0871 8.43825 -3.13047 2.03719
2.02804 8.43759 -3.13046 2.03793
1.97532 8.437 -3.13044 2.03857
1.93756 8.43658 -3.13043 2.03888
1.91668 8.43635 -3.13041 2.03902
1.84062 8.4355 -3.1304 2.03945
1.74185 8.43439 -3.13038 2.03996
1.6752 8.43365 -3.13037 2.04028
1.62623 8.4331 -3.13036 2.0405
1.58793 8.43267 -3.13034 2.04066
1.56485 8.43241 -3.13032 2.04076
1.49108 8.43158 -3.1303 2.04105
1.44218 8.43103 -3.13028 2.04123
1.3409 8.42988 -3.13027 2.04158
1.24285 8.42878 -3.13026 2.04189
1.20489 8.42835 -3.13024 2.042
1.18802 8.42816 -3.13023 2.04205
1.15791 8.42781 -3.13021 2.04213
1.10533 8.42722 -3.13072 2.04227
0.956319 8.42557 -3.13344 2.04261
0.854061 8.4246 -3.13824 2.04283
0.813693 8.42437 3.13263 2.04291
0.722133 8.42487 3.12125 2.04308
0.642547 8.42641 3.10942 2.0432
0.614844 8.42728 3.09731 2.04325
0.548606 8.43025 3.08542 2.04334
0.493781 8.43327 3.07643 2.04342
0.447514 8.43616 3.06943 2.04348
0.385846 8.44035 3.06368 2.04356
0.333305 8.44419 3.06005 2.04362
0.30811 8.4461 3.05779 2.04365
0.256042 8.45018 3.05657 2.0437
0.192197 8.45529 3.05595 2.04377
0.118336 8.46133 3.05561 2.04384
0.046007 8.46737 3.05556 2.0439
-0.0162518 8.47261 3.05555 2.04395
-0.0623959 8.47653 3.05555 2.04398
-0.118056 8.48128 3.05557 2.04402
-0.176195 8.48626 3.05559 2.04406
-0.222847 8.49026 3.0556 2.04409
-0.277267 8.49493 3.05562 2.04413
-0.292926 8.49627 3.05564 2.04414
-0.358046 8.50187 3.05564 2.04417
-0.440286 8.50895 3.05565 2.04422
-0.478561 8.51224 3.05566 2.04424
-0.57316 8.52039 3.05567 2.04428
-0.64628 8.52669 3.05567 2.04431
-0.689928 8.53044 3.05583 2.04085
-0.728199 8.53372 3.05862 2.02687
-0.746503 8.53526 3.06682 2.02204
-0.777613 8.53774 3.07567 2.01762
-0.880356 8.54519 3.08583 2.01221
-0.941256 8.54918 3.09613 2.01149
-1.0214 8.55355 3.10388 2.01217
-1.08584 8.55625 3.1085 2.01323
-1.13171 8.55784 3.11089 2.01389
-1.17469 8.55924 3.11212 2.01428
-1.18817 8.55968 3.11278 2.01437
-1.25107 8.56171 3.113 2.0147
-1.33104 8.56426 3.11306 2.01505
-1.39067 8.56612 3.11306 2.0153
-1.42313 8.56711 3.11303 2.01543
-1.51941 8.56998 3.11301 2.01579
-1.61126 8.57267 3.11299 2.01612
-1.69092 8.57497 3.11298 2.01638
-1.71341 8.57562 3.11296 2.01645
-1.76884 8.57721 3.11294 2.01661
-1.83039 8.57898 3.11293 2.01678
-1.86902 8.58009 3.11292 2.01688
-1.92608 8.58173 3.11291 2.01702
-1.98857 8.58353 3.11289 2.01717
-2.01587 8.58431 3.11288 2.01723
-2.07977 8.58615 3.11287 2.01736
-2.168 8.58868 3.11286 2.01754
-2.22096 8.59021 3.11285 2.01763
-2.27107 8.59165 3.11284 2.01772
-2.32116 8.59309 3.11283 2.0178
-2.34522 8.59378 3.11282 2.01784
-2.39851 8.59531 3.11281 2.01792
-2.47017 8.59738 3.1128 2.01802
-2.5273 8.59902 3.11279 2.01809
-2.54865 8.59964 3.11278 2.01812
-2.59072 8.60085 3.11277 2.01817
-2.62056 8.60171 3.11276 2.0182
-2.71423 8.60441 3.11274 2.0183
-2.81788 8.6074 3.11273 2.01841
-2.8859 8.60936 3.11272 2.01847
-2.91296 8.61014 3.11271 2.01849
-2.98735 8.61229 3.1127 2.01855
-3.06591 8.61456 3.11269 2.01861
-3.11944 8.61611 3.11268 2.01865
-3.16825 8.61752 3.11267 2.01868
-3.18934 8.61813 3.11266 2.01869
-3.20701 8.61864 3.11265 2.0187
-3.30037 8.62135 3.11264 2.01876
-3.37595 8.62353 3.11263 2.0188
-3.43226 8.62517 3.11262 2.01883
-3.48071 8.62657 3.11261 2.01885
-3.50363 8.62723 3.1126 2.01886
-3.52922 8.62798 3.11259 2.01887
-3.60617 8.63021 3.11258 2.0189
-3.6781 8.63229 3.11257 2.01893
-3.73936 8.63407 3.11256 2.01896
-3.76603 8.63485 3.11255 2.01896
-3.79202 8.6356 3.11253 2.01897
-3.828 8.63665 3.11252 2.01898
-3.89351 8.63855 3.11251 2.019
-3.93634 8.6398 3.11249 2.01902
-3.98395 8.64118 3.11248 2.01903
-4.0375 8.64274 3.11247 2.01904
-4.12439 8.64527 3.11246 2.01906
-4.24067 8.64865 3.11245 2.01909
-4.29472 8.65023 3.11251 2.0191
-4.41731 8.65379 3.11346 2.01912
-4.49447 8.65592 3.11611 2.01914
-4.53786 8.65691 3.12046 2.01914
-4.58008 8.65764 3.12613 2.01915
-4.60262 8.65794 3.13273 2.01915
-4.67088 8.65846 3.14113 2.01916
-4.71059 8.65853 -3.13325 2.01917
-4.76977 8.65819 -3.12486 2.01917
-4.83781 8.65725 -3.11713 2.01918
-4.90472 8.65572 -3.11013 2.01919
-4.91863 8.65532 -3.10275 2.01919
-4.99747 8.65261 -3.09977 2.0192
-5.05729 8.65038 -3.09788 2.0192
-5.11178 8.64823 -3.097 2.01921
-5.17645 8.64558 -3.09676 2.01921
-5.23952 8.64293 -3.09665 2.01922
-5.3114 8.63985 -3.09662 2.01922
-5.35897 8.63778 -3.09663 2.01922
-5.4159 8.63527 -3.09664 2.01923
-5.47156 8.6328 -3.09666 2.01923
-5.53576 8.62994 -3.09667 2.01923
-5.5871 8.62765 -3.09669 2.01924
-5.64615 8.62501 -3.0967 2.01924
-5.70957 8.62217 -3.09671 2.01924
-5.74347 8.62065 -3.09672 2.01924
-5.79197 8.61847 -3.09673 2.01925
-5.86775 8.61507 -3.09674 2.01925
-5.93151 8.61221 -3.09675 2.01925
-5.96948 8.61051 -3.09676 2.01925
-6.02661 8.60795 -3.09677 2.01925
-6.0926 8.60499 -3.09731 2.01926
-6.13127 8.60327 -3.09994 2.01926
-6.1779 8.60131 -3.10665 2.01926
-6.24793 8.59874 -3.11591 2.01926
-6.31549 8.59692 -3.12899 2.01926
-6.34904 8.59638 3.14142 2.01926
-6.40027 8.59616 3.1298 2.01926
-6.44208 8.5964 3.11873 2.01926
-6.47441 8.59681 3.11417 2.01926
-6.5341 8.5979 3.11145 2.01927
-6.62822 8.60003 3.11031 2.01927
-6.6624 8.60089 3.10971 2.01927
-6.71274 8.60224 3.10948 2.01927
-6.75793 8.6035 3.10938 2.01927
-6.78358 8.60424 3.10934 2.01927
-6.81923 8.6053 3.10935 2.01927
-6.86234 8.6066 3.10936 2.01927
-6.92204 8.60843 3.10937 2.01927
-6.98009 8.61024 3.10937 2.01927
-7.04388 8.61225 3.10937 2.01927
-7.12412 8.61479 3.10937 2.01927
-7.25795 8.61905 3.10936 2.01928
-7.40873 8.6239 3.10936 2.01928
-7.43362 8.6247 3.10935 2.01928
-7.46991 8.62587 3.10934 2.01928
-7.50936 8.62714 3.10933 2.01928
-7.55472 8.62861 3.10933 2.01928
-7.70238 8.63338 3.10932 2.01928
-7.82032 8.63718 3.10934 2.01928
-7.89968 8.63974 3.10954 2.01928
-7.9422 8.6411 3.1104 2.01928
-7.97707 8.64219 3.11153 2.01928
-8.00924 8.64317 3.11373 2.01928
-8.04224 8.64413 3.11842 2.01928
-8.07731 8.64509 3.1243 2.01928
-8.21783 8.6483 3.12864 2.01928
-8.31556 8.6501 3.13331 2.01928
-8.35272 8.6506 3.1383 2.01928
-8.41222 8.65098 -3.13774 2.01928
-8.44269 8.651 -3.1344 2.01928
-8.53752 8.65066 -3.13281 2.01928
-8.61542 8.65016 -3.13202 2.01928
-8.66452 8.64979 -3.13153 2.01928
-8.68861 8.6496 -3.13141 2.01928
-8.78086 8.64881 -3.13138 2.01928
-8.86504 8.64806 -3.13138 2.01928
-8.89359 8.64779 -3.13139 2.01928
-8.95662 8.64719 -3.13141 2.01928
-8.99791 8.64679 -3.13143 2.01928
-9.01911 8.64658 -3.13145 2.019
-9.10323 8.64574 -3.13147 2.00807
-9.18041 8.64497 -3.13148 1.99782
-9.21542 8.64462 -3.1315 1.99532
-9.246 8.64431 -3.13152 1.99455
-9.29508 8.64382 -3.13153 1.99439
-9.32827 8.64349 -3.13155 1.99452
-9.37461 8.64302 -3.13157 1.9948
-9.47109 8.64205 -3.13158 1.99539
-9.51418 8.64162 -3.1316 1.99562
-9.64347 8.64033 -3.13162 1.99613
-9.74898 8.63927 -3.13163 1.99637
-9.84273 8.63834 -3.13164 1.99648
-9.89583 8.63781 -3.13166 1.99652
-9.90568 8.63771 -3.13167 1.99653
-9.92309 8.63754 -3.13169 1.99655
-9.9947 8.63683 -3.1317 1.99663
-10.0836 8.63595 -3.13172 1.99676
-10.1774 8.63502 -3.13173 1.99739
-10.2265 8.63454 -3.13174 1.99819
-10.2655 8.63415 -3.13175 1.99905
-10.298 8.63383 -3.13177 1.99981
-10.3284 8.63353 -3.13179 2.00048
-10.3916 8.63291 -3.1318 2.00177
-10.4176 8.63266 -3.13182 2.00228
-10.4758 8.63209 -3.13183 2.00336
-10.5976 8.63089 -3.13184 2.00542
-10.6592 8.63029 -3.13185 2.00639
-10.7608 8.6293 -3.13187 2.00783
-10.8287 8.62864 -3.13188 2.00867
-10.867 8.62827 -3.13189 2.0091
-10.8883 8.62806 -3.1319 2.00934
-10.9491 8.62747 -3.13192 2.01
-11.006 8.62692 -3.13193 2.01059
-11.0583 8.62642 -3.13194 2.0111
-11.1019 8.626 -3.13195 2.0115
-11.1626 8.62541 -3.13196 2.01203
-11.1853 8.62519 -3.13198 2.01222
-11.2302 8.62476 -3.13199 2.01258
-11.2721 8.62436 -3.13201 2.0129
-11.3086 8.62401 -3.13203 2.01317
-11.4205 8.62293 -3.13204 2.01392
-11.5149 8.62203 -3.13206 2.01452
-11.5759 8.62145 -3.13207 2.01487
-11.6016 8.6212 -3.13209 2.015
-11.6334 8.6209 -3.13211 2.01516
-11.6924 8.62034 -3.13212 2.01545
-11.7925 8.61939 -3.13214 2.0159
-11.8931 8.61843 -3.13216 2.00684
-11.9473 8.61792 -3.13217 1.96503
-12.0566 8.61689 -3.13219 1.68718
-12.0953 8.61652 -3.13221 1.51361
-12.23 8.61526 -3.13223 0.0486598
-12.2572 8.61494 -3.12098 0.329005
-12.3032 8.61362 -3.10506 0.581768
-12.3206 8.61232 -3.08258 0.646591
-12.3444 8.60999 -3.06013 0.723797
-12.402 8.60306 -3.03552 0.879527
-12.4809 8.59193 -3.00896 1.05549
-12.5161 8.5862 -2.98817 1.11917
-12.5529 8.57951 -2.95906 1.17546
-12.6279 8.56424 -2.93698 1.2718
-12.6923 8.54957 -2.91607 1.34231
-12.7709 8.52972 -2.89541 1.41663
-12.824 8.51466 -2.87536 1.45937
-12.883 8.4964 -2.85501 1.50101
-12.9256 8.48253 -2.83305 1.52868
-12.9417 8.47715 -2.81465 1.53856
-13.0358 8.44407 -2.79828 1.5915
-13.0793 8.42816 -2.77998 1.61434
-13.1464 8.40185 -2.75969 1.64608
-13.1954 8.38108 -2.73739 1.66708
-13.2418 8.35999 -2.71354 1.68535
-13.2538 8.35426 -2.68254 1.68988
-13.3176 8.32198 -2.65125 1.71269
-13.3807 8.28752 -2.60363 1.73397
-13.3996 8.27647 -2.5605 1.74001
-13.4687 8.23213 -2.5249 1.75937
-13.552 8.17337 -2.47798 1.70228
-13.6084 8.12762 -2.40412 1.42606
-13.6556 8.08103 -2.34233 0.910248
-13.7065 8.02425 -2.28524 0.306096
-13.7328 7.99306 -2.2284 0.502542
-13.7543 7.9593 -2.17406 0.629559
-13.7746 7.91546 -2.10257 0.741459
-13.7904 7.87501 -2.0454 0.816692
-13.8158 7.80091 -1.98907 0.92837
-13.8262 7.76168 -1.9327 0.972134
-13.8368 7.7118 -1.87469 1.02008
-13.8413 7.68614 -1.81171 1.04271
-13.8483 7.62746 -1.73941 1.08899
-13.8526 7.56367 -1.67101 1.13371
-13.8529 7.53264 -1.61303 1.15265
-13.8492 7.45834 -1.53828 1.19262
-13.8429 7.40438 -1.48275 1.2181
-13.8368 7.36689 -1.43783 1.23423
-13.8318 7.34083 -1.40867 1.24462
-13.8087 7.23655 -1.3968 1.28167
-13.7962 7.17923 -1.39406 1.29924
-13.7853 7.12409 -1.3934 1.31392
-13.7769 7.07791 -1.39317 1.325
-13.7745 7.06505 -1.3931 1.32792
-13.7627 6.99909 -1.39307 1.34182
-13.7581 6.97397 -1.39306 1.34682
-13.7538 6.95015 -1.39459 1.35136
-13.7358 6.84855 -1.40315 1.37023
-13.7241 6.77925 -1.4218 1.38375
-13.7135 6.70028 -1.44552 1.40121
-13.7093 6.65115 -1.47241 1.41254
-13.7068 6.60312 -1.4985 1.42289
-13.7054 6.56088 -1.52286 1.43165
-13.7051 6.54716 -1.53499 1.4344
-13.7047 6.52799 -1.54078 1.43807
-13.7032 6.45314 -1.54283 1.45133
-13.7008 6.33479 -1.54346 1.47064
-13.6994 6.27336 -1.54366 1.47937
-13.6981 6.22523 -1.54373 1.48527
-13.6967 6.17261 -1.54375 1.49126
-13.6952 6.11941 -1.54375 1.49697
-13.6937 6.06138 -1.54375 1.50273
-13.6925 6.0171 -1.54375 1.50678
-13.6912 5.96936 -1.54375 1.51085
-13.6905 5.94433 -1.54374 1.51286
-13.6902 5.93385 -1.54374 1.51368
-13.6875 5.8345 -1.54386 1.52084
-13.6862 5.78517 -1.54596 1.52415
-13.685 5.73513 -1.55921 1.52724
-13.6845 5.67014 -1.57571 1.53084
-13.6852 5.60727 -1.5971 1.53406
-13.6882 5.53693 -1.62059 1.5374
-13.6925 5.47871 -1.6387 1.54034
-13.6978 5.42123 -1.65045 1.5433
-13.7018 5.3791 -1.65659 1.54535
-13.7062 5.33311 -1.65899 1.54743
-13.7116 5.27417 -1.65975 1.5499
-13.7139 5.24948 -1.66001 1.55088
-13.7161 5.22486 -1.6601 1.5518
-13.7218 5.1613 -1.66014 1.55405
-13.7263 5.11056 -1.66016 1.55574
-13.73 5.06936 -1.66017 1.55702
-13.7326 5.04119 -1.66018 1.55784
-13.7399 4.95915 -1.66019 1.56005
-13.7495 4.85264 -1.66019 1.56266
-13.7539 4.80283 -1.6602 1.56378
-13.7566 4.77304 -1.66021 1.5645
-13.7608 4.72635 -1.66022 1.56579
-13.764 4.68982 -1.66018 1.56687
-13.7733 4.58655 -1.65849 1.56996
-13.7775 4.53834 -1.65449 1.57134
-13.7835 4.46564 -1.64963 1.57326
-13.7856 4.43811 -1.64539 1.57405
-13.791 4.36329 -1.64191 1.57701
-13.7923 4.34499 -1.64112 1.57784
-13.7971 4.27408 -1.64091 1.58096
-13.8032 4.18665 -1.64083 1.58459
-13.8063 4.14181 -1.64081 1.58629
-13.8106 4.08053 -1.6408 1.58871
-13.8134 4.0414 -1.64079 1.59044
-13.8189 3.96314 -1.64079 1.59404
-13.8221 3.91711 -1.64078 1.59605
-13.8253 3.87162 -1.64078 1.59788
-13.8291 3.81649 -1.64078 1.59994
-13.8328 3.76407 -1.64072 1.60175
-13.8366 3.71021 -1.63826 1.60349
-13.84 3.65612 -1.62966 1.60512
-13.8432 3.59016 -1.6145 1.60694
-13.8444 3.53627 -1.59471 1.60831
-13.8441 3.48764 -1.57293 1.60946
-13.8428 3.43737 -1.55208 1.61057
-13.8405 3.3822 -1.53673 1.61172
-13.8379 3.3309 -1.52813 1.6127
-13.8353 3.28024 -1.52432 1.61362
-13.8327 3.2295 -1.52298 1.61447
-13.8317 3.20816 -1.52243 1.61481
-13.8287 3.14652 -1.52229 1.61573
-13.827 3.11025 -1.52225 1.61625
-13.826 3.09013 -1.52226 1.61652
-13.8245 3.05845 -1.52228 1.61693
-13.8228 3.02398 -1.52229 1.61735
-13.8208 2.98288 -1.52231 1.61783
-13.8137 2.8354 -1.52232 1.61969
-13.8096 2.75248 -1.52234 1.62084
-13.8051 2.65951 -1.52235 1.62228
-13.8031 2.61683 -1.52237 1.62296
-13.801 2.57428 -1.52239 1.62359
-13.7999 2.55197 -1.5224 1.62389
-13.7952 2.45441 -1.52242 1.62512
-13.7914 2.37712 -1.52243 1.62601
-13.7894 2.3341 -1.52245 1.62646
-13.7868 2.28035 -1.52246 1.62697
-13.7853 2.24912 -1.52248 1.62726
-13.7841 2.22519 -1.52249 1.62747
-13.7817 2.17558 -1.52251 1.62788
-13.7805 2.15004 -1.52253 1.62808
-13.779 2.11869 -1.52255 1.62832
-13.7758 2.05239 -1.52256 1.62879
-13.7714 1.96216 -1.52258 1.62938
-13.7679 1.88947 -1.5226 1.62982
-13.7642 1.81276 -1.52261 1.63025
-13.7597 1.72065 -1.52263 1.6307
-13.7574 1.67308 -1.52264 1.6309
-13.7554 1.63075 -1.52266 1.63107
-13.7514 1.54789 -1.52268 1.63137
-13.7485 1.48793 -1.52186 1.61843
-13.746 1.43754 -1.50354 1.55127
-13.744 1.40813 -1.45869 1.45257
-13.7245 1.25949 -1.40844 0.0325907
-13.7186 1.22284 -1.40844 0.264296
-13.7135 1.19199 -1.40843 0.422847
-13.7058 1.14486 -1.40842 0.585267
-13.6953 1.0809 -1.40502 0.733859
-13.69 1.05166 -1.37675 0.781019
-13.6766 0.995157 -1.34201 0.860044
-13.6572 0.931987 -1.30035 0.936176
-13.6384 0.881939 -1.24531 0.987469
-13.6303 0.863853 -1.18818 1.00302
-13.5844 0.774303 -1.14051 1.06779
-13.5604 0.733037 -1.09143 1.09362
-13.5486 0.71507 -1.04148 1.10369
-13.5053 0.654104 -0.991702 1.13545
-13.4653 0.603239 -0.948075 1.16005
-13.4199 0.550417 -0.915019 1.18483
-13.3969 0.524764 -0.895416 1.19668
-13.3517 0.473287 -0.880146 1.2182
-13.3326 0.451637 -0.865448 1.22639
-13.2965 0.411476 -0.844293 1.24066
-13.2798 0.393473 -0.815551 1.24679
-13.2313 0.345073 -0.78159 1.26233
-13.1863 0.303887 -0.743767 1.27484
-13.1323 0.259528 -0.686965 1.2876
-13.0845 0.226065 -0.640066 1.29676
-13.0293 0.192032 -0.589278 1.30601
-12.9798 0.165892 -0.536362 1.31321
-12.9347 0.145458 -0.483575 1.319
-12.9019 0.132488 -0.428801 1.32282
-12.8483 0.113916 -0.375926 1.32855
-12.8228 0.106153 -0.318859 1.33107
-12.7839 0.0956711 -0.28535 1.3346
-12.7235 0.0807486 -0.269439 1.33964
-12.6424 0.0612374 -0.264971 1.34578
-12.6062 0.052287 -0.26376 1.34828
-12.5702 0.0430104 -0.263357 1.35061
-12.5255 0.0311602 -0.263203 1.35378
-12.5005 0.0244684 -0.263154 1.35565
-12.45 0.010907 -0.263141 1.35943
-12.3959 -0.00365399 -0.263137 1.36335
-12.2994 -0.0296611 -0.263138 1.36977
-12.2317 -0.0478971 -0.263141 1.37367
-12.1936 -0.0581652 -0.262987 1.37563
-12.169 -0.0647574 -0.25778 1.3769
-12.1059 -0.0809834 -0.239445 1.38007
-12.0468 -0.0945895 -0.208484 1.38286
-11.9763 -0.106662 -0.175272 1.3858
-11.9584 -0.108987 -0.136207 1.38648
-11.9416 -0.110764 -0.103145 1.38708
-11.9173 -0.112832 -0.0737365 1.38792
-11.8482 -0.116971 -0.0514338 1.39014
-11.7317 -0.121205 -0.0345359 1.39359
-11.6689 -0.121801 -0.0205511 1.3952
-11.6236 -0.121423 -0.0103936 1.39621
-11.5764 -0.120976 -0.0046845 1.3972
-11.5393 -0.120794 -0.00364759 1.39792
-11.4586 -0.120702 -0.00335342 1.3994
-11.4042 -0.120797 -0.00325316 1.40031
-11.3766 -0.120877 -0.00320992 1.40073
-11.3153 -0.121065 -0.0031862 1.4016
-11.2526 -0.121257 -0.00316865 1.40243
-11.1959 -0.121432 -0.00315231 1.4031
-11.1483 -0.121579 -0.00313404 1.40363
-11.1016 -0.121725 -0.00312004 1.4041
-11.0602 -0.121853 -0.00310547 1.40449
-11.0213 -0.121973 -0.00309206 1.40484
-10.9761 -0.122112 -0.00307718 1.40522
-10.9519 -0.122187 -0.0030634 1.40541
-10.924 -0.122272 -0.00304931 1.40562
-10.8623 -0.12246 -0.00303519 1.40606
-10.795 -0.122665 -0.00302181 1.4065
-10.7471 -0.12281 -0.003007 1.40681
-10.6941 -0.122969 -0.00299286 1.40738
-10.6169 -0.123201 -0.00297954 1.40876
-10.5484 -0.123405 -0.00296467 1.41035
-10.5011 -0.123545 -0.00295126 1.41155
-10.4081 -0.123818 -0.0029378 1.41385
-10.3498 -0.123989 -0.00292441 1.41516
-10.2856 -0.124175 -0.00290874 1.41638
-10.2499 -0.124278 -0.0028953 1.41699
-10.2041 -0.12441 -0.00288182 1.41834
-10.1673 -0.124515 -0.0028654 1.42077
-10.0722 -0.124787 -0.00285228 1.43673
-10.0379 -0.124884 -0.00283902 1.44617
-9.97836 -0.125052 -0.00282608 1.4714
-9.9385 -0.125164 -0.00280783 1.49264
-9.84213 -0.125433 -0.00279478 1.54977
-9.78664 -0.125588 -0.002777 1.58351
-9.77321 -0.125625 -0.00276137 1.5924
-9.73243 -0.125737 -0.00274889 1.62385
-9.62495 -0.126032 -0.00273648 1.71423
-9.57841 -0.126159 -0.00272378 1.75416
-9.5399 -0.126264 -0.00271131 1.78627
-9.52603 -0.126302 -0.0026949 1.79735
-9.45063 -0.126505 -0.00267865 1.85304
-9.4085 -0.126618 -0.00265951 1.88206
-9.2994 -0.12691 -0.00264545 1.95006
-9.1978 -0.127179 -0.00263325 2.00899
-9.13636 -0.127341 -0.0026209 2.04518
-9.12454 -0.127372 -0.00260297 2.05266
-9.05791 -0.127546 -0.00258949 2.10499
-8.9818 -0.127744 -0.00257798 2.17683
-8.92745 -0.127884 -0.00256686 2.2357
-8.87281 -0.128025 -0.00255566 2.30065
-8.82133 -0.128157 -0.00254481 2.36463
-8.76539 -0.128299 -0.00253334 2.43585
-8.71099 -0.128438 -0.00251546 2.50688
-8.66506 -0.128554 -0.0025053 2.56846
-8.58031 -0.128768 -0.0024951 2.6839
-8.56725 -0.128801 -0.00248481 2.70179
-8.55373 -0.128835 -0.00247445 2.72032
-8.52152 -0.128915 -0.00246511 2.76461
-8.47564 -0.12903 -0.00245516 2.82778
-8.38645 -0.129252 -0.0024457 2.94971
-8.30792 -0.129446 -0.00243668 3.0554
-8.22309 -0.129656 -0.00242759 3.16602
-8.15873 -0.129814 -0.00241776 3.24562
-8.09539 -0.129969 -0.002409 3.31883
-8.04888 -0.130082 -0.00240015 3.36921
-8.01026 -0.130176 -0.00239118 3.40916
-7.96938 -0.130275 -0.00238209 3.44996
-7.91613 -0.130404 -0.00237232 3.50126
-7.87206 -0.13051 -0.00236366 3.5424
-7.83521 -0.130598 -0.00235487 3.57602
-7.79621 -0.130692 -0.00234045 3.61088
-7.77824 -0.130735 -0.00232829 3.62663
-7.75772 -0.130784 -0.00231672 3.64425
-7.69721 -0.130928 -0.0023082 3.69429
-7.59507 -0.131171 -0.0022911 3.77524
-7.56336 -0.131246 -0.00227839 3.79962
-7.52975 -0.131325 -0.00226555 3.82483
-7.46781 -0.131471 -0.00225602 3.86954
-7.34597 -0.131756 -0.00224639 3.95267
-7.20483 -0.132085 -0.00223798 4.04321
-7.19314 -0.132112 -0.00222619 4.05044
-7.15833 -0.132193 -0.00221279 4.07161
-7.02744 -0.132494 -0.00220428 4.14592
-6.92017 -0.13274 -0.0021856 4.20218
-6.83206 -0.13294 -0.00217688 4.2451
-6.72571 -0.13318 -0.00216807 4.29331
-6.64079 -0.13337 -0.00215924 4.32937
-6.59452 -0.133474 -0.00215031 4.34809
-6.53143 -0.133614 -0.0021407 4.37258
-6.49528 -0.133694 -0.00213169 4.38618
-6.45794 -0.133776 -0.00212115 4.39997
-6.3884 -0.133929 -0.00211051 4.42502
-6.31638 -0.134087 -0.00210143 4.45022
-6.29303 -0.134138 -0.00208682 4.45822
-6.268 -0.134193 -0.00207128 4.46656
-6.24627 -0.13424 -0.00205633 4.47355
-6.17008 -0.134405 -0.00204754 4.49654
-6.0476 -0.134669 -0.00202599 4.53131
-5.97904 -0.134816 -0.00201712 4.54977
-5.85337 -0.135084 -0.00199757 4.58165
-5.78795 -0.135223 -0.00198514 4.59729
-5.68977 -0.13543 -0.00197451 4.61939
-5.64707 -0.135519 -0.00196537 4.62855
-5.59431 -0.135629 -0.00194777 4.63948
-5.50716 -0.13581 -0.00193849 4.65651
-5.3902 -0.136051 -0.00191565 4.67783
-5.31819 -0.136198 -0.00190621 4.69017
-5.20711 -0.136423 -0.00189597 4.70812
-5.15146 -0.136536 -0.00188664 4.71667
-5.08296 -0.136673 -0.00187718 4.72675
-4.99987 -0.136839 -0.00186767 4.73831
-4.95319 -0.136932 -0.00185816 4.74447
-4.88486 -0.137066 -0.00184859 4.75302
-4.83268 -0.137169 -0.00183818 4.75917
-4.78211 -0.137267 -0.00182585 4.76483
-4.71864 -0.137391 -0.00181624 4.77153
-4.6773 -0.137471 -0.00180654 4.77568
-4.65241 -0.137519 -0.00178876 4.77808
-4.58632 -0.137646 -0.00177801 4.78389
-4.49691 -0.137816 -0.00176805 4.79048
-4.45742 -0.137891 -0.00174897 4.79175
-4.38316 -0.138032 -0.00173512 4.77101
-4.28507 -0.138216 -0.00171815 4.69708
-4.26984 -0.138244 -0.00168904 4.68147
-4.18137 -0.138408 -0.00166794 4.56383
-4.10341 -0.138552 -0.00161699 4.43502
-4.08049 -0.138594 -0.00157607 4.39362
-4.01949 -0.138705 -0.00154821 4.27909
-3.88707 -0.138941 -0.00151928 4.0377
-3.78389 -0.139124 -0.00146488 3.87295
-3.74078 -0.139198 -0.00144271 3.82001
-3.67332 -0.139314 -0.00141297 3.76191
-3.63482 -0.139378 -0.00138535 3.73944
-3.61015 -0.13942 -0.00136367 3.72841
-3.57364 -0.13948 -0.00133924 3.71401
-3.54312 -0.139529 -0.00131679 3.70201
-3.49763 -0.139602 -0.00129058 3.68229
-3.46007 -0.139661 -0.001262 3.66282
-3.29014 -0.139924 -0.00123815 3.53436
-3.20866 -0.140047 -0.00120415 3.45719
-3.06488 -0.140259 -0.00117583 3.27912
-2.94741 -0.140427 -0.00114427 3.07578
-2.90665 -0.140483 -0.00109712 2.98728
-2.86903 -0.140534 -0.00106002 2.89175
-2.75933 -0.140674 -0.000999641 2.54961
-2.72671 -0.140714 -0.000943582 2.43434
-2.68419 -0.140764 -0.000898307 2.27202
-2.63609 -0.140819 -0.000864194 2.07094
-2.57628 -0.140884 -0.000836015 1.78849
-2.37114 -0.141081 -0.000819654 0.14913
-2.35935 -0.141091 -0.000808032 0.341401
-2.32421 -0.141119 -0.000796543 0.687193
-2.24182 -0.141183 -0.000780222 1.21711
-2.19106 -0.141221 -0.000766633 1.43449
-2.17071 -0.141237 -0.000751713 1.50333
-2.14485 -0.141256 -0.000740422 1.57897
-2.10033 -0.141289 -0.000729438 1.69327
-1.97827 -0.141378 -0.00071809 1.96343
-1.90614 -0.14143 -0.000705353 2.10135
-1.86274 -0.14146 -0.000692642 2.17479
-1.84357 -0.141474 -0.000681607 2.20473
-1.82162 -0.141489 -0.000670804 2.2371
-1.7999 -0.141504 -0.000651774 2.26738
-1.77327 -0.141522 -0.00064093 2.30269
-1.74119 -0.141543 -0.00062984 2.34322
-1.71341 -0.141562 -0.000619226 2.37684
-1.64945 -0.141604 -0.00060847 2.45039
-1.50237 -0.141699 -0.000597493 2.60723
-1.39703 -0.141766 -0.000586925 2.71096
-1.38055 -0.141777 -0.000576246 2.72641
-1.35659 -0.141792 -0.000564848 2.74827
-1.33251 -0.141807 -0.00055329 2.76933
-1.30737 -0.141822 -0.000541537 2.79027
-1.28046 -0.141838 -0.000529815 2.81156
-1.20939 -0.14188 -0.000519106 2.86339
-1.15473 -0.141912 -0.000505719 2.90033
-1.02154 -0.141987 -0.000494466 2.97927
-0.960918 -0.14202 -0.000479562 3.00319
-0.914162 -0.142046 -0.000460773 3.00513
-0.759533 -0.142126 -0.000441291 2.8384
-0.672734 -0.14217 -0.000419025 2.62094
-0.619165 -0.142195 -0.000393539 2.43174
-0.559079 -0.142222 -0.000368853 2.18527
-0.502695 -0.142246 -0.000341378 1.94175
-0.437826 -0.142271 -0.000314327 1.63932
-0.398351 -0.142286 -0.000288001 1.42798
-0.317989 -0.142311 -0.000265715 0.837339
