3.3934360150614746, 2.1381027254291043, 2.5, 0.0644832356960359, 1.0496431829688422, 0.27569682840689536, 2.565995175771668
3.2934360150614745, 2.202992147398163, 2.5, 0.0644832356960359, 1.0440859189828031, 0.263972536490727, 2.716447769259725
3.250115606873228, 2.202992147398163, 2.5, 0.05304595679287475, 1.0176934569268403, 0.28252522168777633, 2.8325218124146585
3.150115606873228, 2.2487548281342127, 2.5, 0.05304595679287475, 1.000659043837029, 0.2912015150292482, 2.7124144029705004
3.050115606873228, 2.2945175088702623, 2.5, 0.05304595679287475, 0.9850129592827337, 0.30141741003557193, 2.878802656113728
2.9800012043570145, 2.2945175088702623, 2.5, 0.013025774786356777, 0.9507835195738795, 0.33748087003799915, 2.880612218240459
2.8800012043570145, 2.3399502403536014, 2.5, 0.013025774786356777, 0.9381871688696671, 0.349207257059303, 2.7151459623401513
2.7800012043570144, 2.38538297183694, 2.5, 0.013025774786356777, 0.9286150167635657, 0.36191880396389764, 2.7151459623401513
2.6800012043570143, 2.4308157033202793, 2.5, 0.013025774786356777, 0.9209339395042789, 0.3753596774930519, 2.8931725542204454
2.6008922113429804, 2.4308157033202793, 2.5, -0.00957733753205846, 0.8833284491787046, 0.4187633662862706, 2.8980350996777027
2.5008922113429803, 2.4753226056591155, 2.564317616113822, -0.00957733753205846, 0.8742274604180486, 0.43279039462905344, 2.7228468893147344
2.4008922113429803, 2.519829507997952, 2.6286352322276443, -0.00957733753205846, 0.8647598752307081, 0.44677983946417177, 2.7228468893147344
2.30089221134298, 2.564336410336788, 2.692952848341467, -0.00957733753205846, 0.854538298022532, 0.46044622324933593, 2.7228468893147344
2.20089221134298, 2.6088433126756243, 2.757270464455289, -0.00957733753205846, 0.8435504745756572, 0.47350670158684843, 2.8652223658480582
2.1439725342928146, 2.6088433126756243, 2.757270464455289, -0.029792806206240686, 0.8144365242810588, 0.5040998967552526, 2.8746236055156316
2.0439725342928146, 2.6517604917416433, 2.841354591950508, -0.029792806206240686, 0.8002060057290102, 0.5154679434062521, 2.73619377512177
1.9439725342928145, 2.6946776708076627, 2.9254387194457276, -0.029792806206240686, 0.7853356912113015, 0.5256565385154898, 2.73619377512177
1.8439725342928144, 2.7375948498736817, 3.0095228469409467, -0.029792806206240686, 0.7700312655300549, 0.5351343853181626, 2.73619377512177
1.7439725342928143, 2.780512028939701, 3.0936069744361663, -0.029792806206240686, 0.7539064786357267, 0.5444370991081567, 2.73619377512177
1.6439725342928142, 2.82342920800572, 3.1776911019313854, -0.029792806206240686, 0.7360406640867838, 0.5541022520701389, 2.8555695901282845
1.5980388269837968, 2.82342920800572, 3.1776911019313854, -0.05142016113048071, 0.7112414569413559, 0.5780493292403317, 2.839504502148402
1.4980388269837968, 2.8689059011409035, 3.28810905904169, -0.05142016113048071, 0.6964481383070081, 0.5867255989853208, 2.7147816230823616
1.3980388269837967, 2.9143825942760873, 3.398527016151995, -0.05142016113048071, 0.6817592564250873, 0.5972679414566485, 2.7147816230823616
1.2980388269837966, 2.9598592874112706, 3.5089449732622997, -0.05142016113048071, 0.6655629087590561, 0.6092350032221507, 2.7147816230823634
1.1980388269837965, 3.005335980546454, 3.6193629303726045, -0.05142016113048071, 0.649634522990408, 0.6219531407997194, 2.7147816230823616
1.0980388269837964, 3.0508126736816377, 3.7297808874829093, -0.05142016113048071, 0.6339553243001252, 0.6347459843633695, 2.6686781013250083
1.0007385953186572, 3.106282263901232, 3.840198844593214, -0.05142016113048071, 0.628362745938376, 0.6369156943643862, 2.6234585161635007
0.9034383636535179, 3.1617518541208267, 3.840198844593214, -0.05313655018950479, 0.6231109967510877, 0.6378959548902166, 2.6234585161635007
0.8061381319883788, 3.2172214443404212, 3.973815862453352, -0.05313655018950479, 0.6182052656224685, 0.6373303081929981, 2.6234585161635007
0.7088379003232396, 3.2726910345600158, 4.10743288031349, -0.05313655018950479, 0.6136638675475748, 0.6349801364058197, 2.6234585161634993
0.6115376686581003, 3.3281606247796107, 4.241049898173628, -0.05313655018950479, 0.6095174741607802, 0.6310882456850954, 2.623458516163499
0.5142374369929612, 3.3836302149992052, 4.374666916033767, -0.05313655018950479, 0.6058088067697909, 0.6280665153078723, 2.6234585161635007
0.41693720532782197, 3.4390998052187998, 4.508283933893905, -0.05313655018950479, 0.6025927984626844, 0.6265629459276558, 2.6234585161635007
0.31963697366268273, 3.4945693954383943, 4.641900951754042, -0.05313655018950479, 0.5992729628601928, 0.6270827525231505, 2.6234585161635007
0.2223367419975435, 3.550038985657989, 4.775517969614181, -0.05313655018950479, 0.5955128261896067, 0.629259579085015, 2.6234585161635007
0.12503651033240426, 3.6055085758775833, 4.775517969614181, -0.03908533574754165, 0.5921797565417936, 0.6323964696124434, 2.6234585161635007
0.027736278667265024, 3.660978166097178, 4.880136758399631, -0.03908533574754165, 0.5892599037863063, 0.6357937080505753, 2.6234585161635002
-0.06956395299787399, 3.7164477563167724, 4.984755547185081, -0.03908533574754165, 0.5867355227235881, 0.6387519671185151, 2.6234585161635002
-0.16686418466301323, 3.771917346536367, 5.089374335970532, -0.03908533574754165, 0.5845847007406416, 0.6405747563190393, 2.6234585161635007
-0.26416441632815246, 3.8273869367559614, 5.193993124755982, -0.03908533574754165, 0.5827811766624347, 0.6376399354829194, 2.6234585161634993
-0.3614646479932917, 3.8828565269755564, 5.298611913541432, -0.03908533574754165, 0.5812942504809578, 0.6341491113881395, 2.6234585161634993
-0.45876487965843094, 3.938326117195151, 5.403230702326883, -0.03908533574754165, 0.5800887805752579, 0.6308154943933808, 2.6234585161635007
-0.5560651113235702, 3.9937957074147454, 5.507849491112333, -0.03908533574754165, 0.5778569260816503, 0.628292220547786, 2.6234585161634993
-0.6533653429887094, 4.04926529763434, 5.612468279897783, -0.03908533574754165, 0.5748668878041516, 0.6272325508280066, 2.6234585161634993
-0.7506655746538486, 4.104734887853935, 5.717087068683234, -0.03908533574754165, 0.572058497935687, 0.6281863995931718, 2.6234585161635007
-0.8479658063189879, 4.160204478073529, 5.717087068683234, -0.026571246907563843, 0.5694387441505935, 0.6308662346948317, 2.6234585161635007
-0.9452660379841271, 4.215674068293124, 5.812845761086136, -0.026571246907563843, 0.567015565071751, 0.6345718689180371, 2.6234585161635007
-1.0425662696492664, 4.2711436585127185, 5.908604453489039, -0.026571246907563843, 0.5647978152808869, 0.6386007301122674, 2.6234585161635007
-1.1398665013144056, 4.326613248732313, 6.004363145891942, -0.026571246907563843, 0.5627952280491788, 0.6411306116345221, 2.6234585161635
-1.2371667329795444, 4.3820828389519075, 6.100121838294844, -0.026571246907563843, 0.5610183755061193, 0.6400423469393008, 2.6234585161635
-1.3344669646446836, 4.437552429171502, 6.195880530697746, -0.026571246907563843, 0.5583874643068182, 0.6377503199216054, 2.6234585161635007
-1.4317671963098229, 4.493022019391097, 6.291639223100649, -0.026571246907563843, 0.5549659067059441, 0.6349049541374576, 2.6234585161635007
-1.529067427974962, 4.548491609610691, 6.387397915503552, -0.026571246907563843, 0.5517999156142237, 0.6321590728639622, 2.6234585161635007
-1.6263676596401013, 4.603961199830286, 6.483156607906454, -0.026571246907563843, 0.548903798973097, 0.6301655514480017, 2.6234585161635007
-1.7236678913052406, 4.65943079004988, 6.578915300309356, -0.026571246907563843, 0.5462853130401839, 0.6295749358091451, 2.6234585161635007
-1.8209681229703798, 4.714900380269475, 6.674673992712259, -0.026571246907563843, 0.5439473777870742, 0.6309655277932881, 2.6234585161635007
-1.918268354635519, 4.770369970489069, 6.674673992712259, -0.018043403990515218, 0.5418922127461282, 0.6341357502816016, 2.6234585161635007
-2.0155685863006583, 4.825839560708664, 6.7541207787584, -0.018043403990515218, 0.5401213779255779, 0.6378671090669465, 2.6234585161635007
-2.1128688179657975, 4.881309150928258, 6.83356756480454, -0.018043403990515218, 0.5385263953324765, 0.640118634773643, 2.6234585161635007
-2.2101690496309367, 4.936778741147853, 6.9130143508506805, -0.018043403990515218, 0.5350950862051389, 0.6413721000399709, 2.6234585161635007
-2.307469281296076, 4.992248331367447, 6.9924611368968215, -0.018043403990515218, 0.5319278292154633, 0.6410593951901868, 2.6234585161635007
-2.404769512961215, 5.047717921587042, 7.071907922942962, -0.018043403990515218, 0.5290270751600561, 0.6394826287381782, 2.6234585161635007
-2.5020697446263545, 5.103187511806636, 7.1513547089891025, -0.018043403990515218, 0.5263946608348853, 0.6369773894568191, 2.6234585161635007
-2.5993699762914937, 5.158657102026231, 7.230801495035243, -0.018043403990515218, 0.5240317826797678, 0.6334044384953107, 2.6234585161635007
-2.696670207956633, 5.214126692245825, 7.310248281081384, -0.018043403990515218, 0.5219396086519472, 0.6311572309230572, 2.6234585161635007
-2.793970439621772, 5.26959628246542, 7.3896950671275246, -0.018043403990515218, 0.5201211978753295, 0.6308499815661915, 2.6234585161635
-2.891270671286911, 5.325065872685014, 7.469141853173665, -0.018043403990515218, 0.518579856660087, 0.6323896912902324, 2.6234585161634976
-2.9885709029520506, 5.38053546290461, 7.548588639219805, -0.018043403990515218, 0.5156353226875352, 0.6350971791810938, 2.6234585161634985
-3.08587113461719, 5.436005053124204, 7.628035425265946, -0.018043403990515218, 0.5123192688701032, 0.638272040764395, 2.6234585161635007
-3.183171366282329, 5.491474643343799, 7.628035425265946, -0.010216068161419649, 0.5092733443307383, 0.6412125314171749, 2.6234585161635007
-3.2804715979474683, 5.546944233563393, 7.67089560199132, -0.010216068161419649, 0.5065030224796424, 0.6432180660573404, 2.6234585161635007
-3.3777718296126076, 5.602413823782988, 7.713755778716694, -0.010216068161419649, 0.504013524232481, 0.6432067767050335, 2.6234585161635007
-3.475072061277747, 5.657883414002582, 7.756615955442068, -0.010216068161419649, 0.5018097820667986, 0.6395816742767497, 2.623458516163499
-3.572372292942885, 5.713353004222177, 7.799476132167442, -0.010216068161419649, 0.49989640489042086, 0.635920725564139, 2.623458516163499
-3.6696725246080244, 5.7688225944417715, 7.842336308892816, -0.010216068161419649, 0.4982776345104911, 0.6328762117969521, 2.6234585161635007
-3.7669727562731636, 5.824292184661366, 7.88519648561819, -0.010216068161419649, 0.496068977762611, 0.6311021243599929, 2.6234585161634976
-3.864272987938303, 5.879761774880961, 7.928056662343563, -0.010216068161419649, 0.4926236317643969, 0.6312272696287804, 2.6234585161634976
-3.961573219603442, 5.935231365100556, 7.970916839068937, -0.010216068161419649, 0.48946043408994416, 0.6332506296946372, 2.623458516163502
-4.058873451268582, 5.9907009553201505, 8.013777015794311, -0.010216068161419649, 0.4865845181749147, 0.6365045815187985, 2.623458516163502
-4.156173682933721, 6.046170545539745, 8.056637192519686, -0.010216068161419649, 0.4840006154636222, 0.6402883892290179, 2.6234585161635007
-4.25347391459886, 6.1016401357593395, 8.099497369245059, -0.010216068161419649, 0.4817130149718889, 0.6439025483230308, 2.6234585161635007
-4.3507741462639995, 6.157109725978934, 8.142357545970434, -0.010216068161419649, 0.47972552509103433, 0.6447719574465155, 2.6234585161635007
-4.448074377929139, 6.2125793161985285, 8.185217722695807, -0.010216068161419649, 0.4780414383550105, 0.6425655016139451, 2.6234585161635007
-4.545374609594278, 6.268048906418123, 8.185217722695807, 0.005052358009143107, 0.47661650719023807, 0.6396135735167571, 2.6234585161635007
-4.642674841259417, 6.323518496637718, 8.19437525992411, 0.005052358009143107, 0.473019346433612, 0.6365610685052127, 2.6234585161635007
-4.739975072924556, 6.378988086857312, 8.20353279715241, 0.005052358009143107, 0.46971110326324944, 0.6340544924005265, 2.6234585161635007
-4.837275304589696, 6.434457677076907, 8.212690334380714, 0.005052358009143107, 0.4666989607812874, 0.6327396930234543, 2.6234585161635007
-4.934575536254835, 6.489927267296501, 8.221847871609015, 0.005052358009143107, 0.4639897357317271, 0.6332472616498268, 2.6234585161635007
-5.031875767919974, 6.545396857516096, 8.231005408837317, 0.005052358009143107, 0.4615898146536143, 0.6356738985810133, 2.6234585161635007
-5.129175999585113, 6.60086644773569, 8.240162946065618, 0.005052358009143107, 0.4595050986919905, 0.63939408687022, 2.6234585161635007
-5.226476231250253, 6.656336037955285, 8.249320483293921, 0.005052358009143107, 0.4577409506844056, 0.6434548367053244, 2.6234585161635007
-5.323776462915392, 6.711805628174879, 8.258478020522222, 0.005052358009143107, 0.45630214559672966, 0.6449568050797538, 2.6234585161635007
-5.421076694580531, 6.767275218394474, 8.267635557750525, 0.005052358009143107, 0.4534526006485564, 0.6451106041053586, 2.6234585161635007
-5.51837692624567, 6.822744808614068, 8.276793094978826, 0.005052358009143107, 0.45002764907018483, 0.6439042491924565, 2.6234585161635007
-5.61567715791081, 6.878214398833663, 8.285950632207129, 0.005052358009143107, 0.44691962121629863, 0.6418765110932219, 2.6234585161635007
-5.712977389575949, 6.933683989053257, 8.29510816943543, 0.005052358009143107, 0.4441353121790006, 0.6395862307109339, 2.6234585161635007
-5.810277621241088, 6.989153579272852, 8.304265706663733, 0.005052358009143107, 0.4416777044852276, 0.6367259359781997, 2.6234585161635007
-5.907577852906227, 7.044623169492446, 8.304265706663733, 0.015203813086557105, 0.43954838941768404, 0.6348676165110537, 2.6234585161635007
-6.0048780845713665, 7.100092759712041, 8.283604231540851, 0.015203813086557105, 0.4377482830401653, 0.6346636704516291, 2.6234585161635007
-6.102178316236506, 7.155562349931635, 8.26294275641797, 0.015203813086557105, 0.436277602836428, 0.6358579097584818, 2.6234585161635007
-6.199478547901645, 7.21103194015123, 8.242281281295089, 0.015203813086557105, 0.4342791606703241, 0.6381376701069392, 2.6234585161635007
-6.296778779566784, 7.2665015303708245, 8.221619806172207, 0.015203813086557105, 0.4306748211810509, 0.6411874022584099, 2.6234585161635007
-6.3940790112319235, 7.321971120590419, 8.200958331049325, 0.015203813086557105, 0.4273690980352227, 0.6446898470085324, 2.6234585161635007
-6.491379242897063, 7.3774407108100135, 8.180296855926445, 0.015203813086557105, 0.4243652845975263, 0.6483313758277474, 2.6234585161635007
-6.588679474562202, 7.432910301029608, 8.159635380803563, 0.015203813086557105, 0.4216661630626893, 0.6519183346856051, 2.6234585161635007
-6.685979706227341, 7.488379891249203, 8.13897390568068, 0.015203813086557105, 0.41927411680981186, 0.655391861992257, 2.623458516163497
-6.783279937892479, 7.543849481468797, 8.1183124305578, 0.015203813086557105, 0.41719810913798755, 0.6586169908434303, 2.623458516163497
-6.880580169557618, 7.599319071688392, 8.097650955434919, 0.015203813086557105, 0.41545674534437793, 0.6594219257105349, 2.623458516163498
-6.977880401222759, 7.654788661907988, 8.076989480312037, 0.015203813086557105, 0.4140537550786725, 0.6599178831444192, 2.623458516163498
-7.075180632887898, 7.710258252127582, 8.056328005189155, 0.015203813086557105, 0.41015991780375227, 0.6599833791486237, 2.6234585161635007
-7.172480864553037, 7.765727842347177, 8.035666530066274, 0.015203813086557105, 0.40663846331100756, 0.659450823765309, 2.6234585161635007
-7.269781096218177, 7.8211974325667715, 8.015005054943392, 0.015203813086557105, 0.40351305613455024, 0.6581536216680903, 2.6234585161635007
-7.367081327883316, 7.876667022786366, 8.015005054943392, 0.006640542187509969, 0.40080685246342557, 0.6541885191857325, 2.6234585161635007
-7.464381559548455, 7.9321366130059605, 7.961831177790037, 0.006640542187509969, 0.39854226649961544, 0.647559356917404, 2.6234585161635007
-7.561681791213594, 7.987606203225555, 7.908657300636682, 0.006640542187509969, 0.39674073053239356, 0.6399209260162905, 2.6234585161635007
-7.6589820228787335, 8.04307579344515, 7.855483423483325, 0.006640542187509969, 0.39542245561260625, 0.6321497286812778, 2.6234585161635007
-7.756282254543873, 8.098545383664744, 7.80230954632997, 0.006640542187509969, 0.394602238814571, 0.6251738868640118, 2.6234585161635007
-7.853582486209012, 8.154014973884339, 7.7491356691766144, 0.006640542187509969, 0.3929589066342567, 0.6199226612513591, 2.6234585161635007
-7.950882717874151, 8.209484564103933, 7.695961792023259, 0.006640542187509969, 0.3899366815731155, 0.6173229583883986, 2.6234585161635007
-8.04818294953929, 8.264954154323528, 7.642787914869903, 0.006640542187509969, 0.38720965275195224, 0.6181439982431743, 2.6234585161635007
-8.14548318120443, 8.320423744543122, 7.589614037716547, 0.006640542187509969, 0.38473104179436535, 0.6219105348421076, 2.623458516163497
-8.242783412869567, 8.375893334762717, 7.536440160563192, 0.006640542187509969, 0.38245269442376834, 0.6275402228204311, 2.623458516163497
-8.340083644534706, 8.431362924982311, 7.4832662834098365, 0.006640542187509969, 0.3803255275387443, 0.6339476444577818, 2.6234585161635007
-8.437383876199846, 8.486832515201906, 7.43009240625648, 0.006640542187509969, 0.37830001510485645, 0.6400522352531215, 2.6234585161635007
-8.534684107864985, 8.5423021054215, 7.376918529103125, 0.006640542187509969, 0.3763267067077627, 0.6429177829044593, 2.6234585161635007
-8.631984339530124, 8.597771695641095, 7.323744651949769, 0.006640542187509969, 0.37208610728043123, 0.6444908228278272, 2.6234585161635007
-8.729284571195263, 8.65324128586069, 7.323744651949769, -0.0015381588000030924, 0.3664133114764783, 0.6459836306872798, 2.6234585161635007
-8.826584802860403, 8.708710876080284, 7.225708663647461, -0.0015381588000030924, 0.36070317599107876, 0.6477970941556387, 2.6234585161635007
-8.923885034525542, 8.764180466299878, 7.127672675345153, -0.0015381588000030924, 0.35506600729109605, 0.6503301708277978, 2.6234585161635007
-9.021185266190681, 8.819650056519473, 7.029636687042844, -0.0015381588000030924, 0.3496180347411913, 0.6537321826366246, 2.6234585161635007
-9.11848549785582, 8.875119646739067, 6.931600698740536, -0.0015381588000030924, 0.3444807628226721, 0.6576304608660851, 2.6234585161635007
-9.21578572952096, 8.930589236958662, 6.833564710438227, -0.0015381588000030924, 0.3397801244134493, 0.6615876723968428, 2.6234585161635007
-9.313085961186099, 8.986058827178256, 6.7355287221359195, -0.0015381588000030924, 0.33564536564235325, 0.6624933482635534, 2.6234585161635007
-9.410386192851238, 9.041528417397851, 6.637492733833611, -0.0015381588000030924, 0.33076535129117335, 0.6620272778581764, 2.6234585161635007
-9.507686424516377, 9.096998007617445, 6.539456745531303, -0.0015381588000030924, 0.3248246255933171, 0.6603266937622478, 2.6234585161635007
-9.604986656181516, 9.15246759783704, 6.441420757228994, -0.0015381588000030924, 0.3198161556308534, 0.6579397840331848, 2.6234585161635007
-9.702286887846656, 9.207937188056635, 6.343384768926686, -0.0015381588000030924, 0.3158724626298527, 0.6554549275657571, 2.6234585161635007
-9.799587119511795, 9.263406778276229, 6.2453487806243775, -0.0015381588000030924, 0.31298037677426, 0.6534602992578974, 2.6234585161635007
-9.896887351176934, 9.318876368495824, 6.2453487806243775, 0.00633021897838801, 0.3110440495029027, 0.6525084961662576, 2.6234585161635007
-9.896887351176934, 9.318876368495824, 6.0792594991296225, 0.00633021897838801, 0.3110440495029027, 0.6525084961662576, 2.604588396687994
-9.996887351176934, 9.378412843426052, 5.9131702176348675, 0.00633021897838801, 0.3124215501369956, 0.6506832371117265, 2.604588396687994
-10.096887351176933, 9.43794931835628, 5.560216962541608, 0.00633021897838801, 0.314895321550788, 0.6504515839901152, 2.604588396687994
-10.196887351176933, 9.497485793286508, 5.207263707448348, 0.00633021897838801, 0.3144208391515416, 0.6511368523523717, 2.6045883966880004
-10.296887351176933, 9.557022268216734, 4.854310452355088, 0.00633021897838801, 0.3130201596531647, 0.652057154871881, 2.6045883966880004
-10.396887351176932, 9.616558743146962, 4.501357197261829, 0.00633021897838801, 0.3121031038018792, 0.652529721724529, 2.604588396687994
-10.496887351176932, 9.67609521807719, 4.148403942168569, 0.00633021897838801, 0.31145727475577817, 0.6512018567557696, 2.604588396687994
-10.596887351176932, 9.735631693007418, 3.7954506870753093, 0.00633021897838801, 0.3108543422633297, 0.6455282880983674, 2.604588396687994
-10.696887351176931, 9.795168167937646, 3.4424974319820496, 0.00633021897838801, 0.31005627471823227, 0.6397247313555026, 2.630830708911837
-10.703134280911902, 9.795168167937646, 3.08954417688879, 0.0270060802145197, 0.30750376830881776, 0.6426664865224962, 2.684570925356213
-10.803134280911902, 9.847414551328058, 2.73659092179553, 0.0270060802145197, 0.2971972581328884, 0.6438687587022628, 2.660135902088012
-10.9031343460083, 9.89966106414795, 2.3836376667022705, 0.0270060802145197, 0.2881564003700666, 0.6460958249635249, 2.660135902088012
-11.003134280911901, 9.951907318108882, 2.389455783367157, 0.0270060802145197, 0.28128221233158285, 0.6499973128368205, 2.660135902088019
-11.1031342809119, 10.004153701499293, 2.3952739000320435, 0.0270060802145197, 0.2775439434189076, 0.6559710325949893, 2.660135902088019
-11.2031342809119, 10.056400084889704, 2.40109201669693, 0.0270060802145197, 0.27798977226114585, 0.663499976390712, 2.660135902088012
-11.3031342809119, 10.108646468280117, 2.4069101333618166, 0.0270060802145197, 0.28374712886988673, 0.6718550794835356, 2.660135902088012
-11.4031342809119, 10.160892851670528, 2.412728250026703, 0.0270060802145197, 0.29600235078358517, 0.6788757537746539, 2.839635152446384
-11.470868924660797, 10.160892851670528, 2.418546366691589, 0.07098313314118126, 0.27127004909767866, 0.7127417679229309, 2.8394527414955246
-11.570868924660797, 10.213172802128637, 2.424364483356476, 0.07098313314118126, 0.2943604832111881, 0.717660573064248, 2.659872247141609
-11.670868924660796, 10.265452752586746, 2.430182600021362, 0.07098313314118126, 0.3261758020742748, 0.7185123961601081, 2.6598722471416023
-11.770868924660796, 10.317732703044857, 2.436000716686249, 0.07098313314118126, 0.367674641836042, 0.7190101019104167, 2.6598722471416023
-11.870868682861328, 10.370012283325195, 2.4418188333511353, 0.07098313314118126, 0.41826002473798296, 0.7198639362361879, 2.854218853525122
-11.947756333842579, 10.370012653502966, 2.4476369500160216, 0.16189600762928522, 0.4167871930418131, 0.7574161311221276, 2.8513315679076343
-12.047756333842578, 10.422848417460354, 2.4534550666809083, 0.16189600762928522, 0.4793049240764003, 0.7598227191612716, 2.6555171378437072
-12.147756333842578, 10.475684181417742, 2.4592731833457946, 0.16189600762928522, 0.5462169973483872, 0.7645338321025095, 2.812651009949714
-12.202544331984882, 10.475684181417742, 2.4650913000106813, 0.46055399986661977, 0.5561740745941604, 0.791844100723652, 2.8857656187528797
-12.302544331984882, 10.516170250860092, 2.4709094166755676, 0.46055399986661977, 0.6181008849993137, 0.809642637592917, 2.7769279942353813
-12.308601602921268, 10.516170250860092, 2.476727533340454, 1.407134297729693, 0.6199186313669819, 0.8128901417252583, 3.0521352729449562
-12.408601602921268, 10.5256832463706, 2.4825456500053407, 1.407134297729693, 0.6552954263677542, 0.8574062561008398, 3.132911730469896
-12.50801052271516, 10.517901347846712, 2.488363766670227, 1.8588901821420853, 0.6817589143923567, 0.8938819164497792, -2.9952876150448344
-12.60555829931895, 10.496660111544426, 2.4941818833351137, 1.4244625989329538, 0.6961938178707059, 0.8254539707929893, -2.871936495180167
-12.702221553382563, 10.464223750876847, 2.5, 1.1189340212570382, 0.7052929733033929, 0.761239807162302, -2.826077870154159
-12.704928625538615, 10.464223750876847, 2.5, 0.8552228138593289, 0.7064176239865473, 0.7590330790708448, -2.733681164926155
-12.804928625538615, 10.419838847245847, 2.5, 0.8552228138593289, 0.7129742625456977, 0.7008434279033158, -2.779026574683094
-12.82193566447657, 10.419838847245847, 2.5, 0.6575061149695616, 0.7203205835915958, 0.6869312371733837, -2.6613014953373626
-12.92193566447657, 10.3588804062726, 2.5, 0.6575061149695616, 0.7188207015575138, 0.6401974012599703, -2.7030788163968738
-12.95192037287117, 10.3588804062726, 2.5, 0.546402658885377, 0.7329505660070293, 0.616239453359044, -2.578871941843413
-13.05192037287117, 10.276893051794993, 2.5, 0.546402658885377, 0.720260356487843, 0.5855366535145266, -2.6072888469702518
-13.09047970781123, 10.276893051794993, 2.5, 0.46097280436867044, 0.7407632571204669, 0.5562867291866916, -2.5022158055080324
-13.19047970781123, 10.173863700387876, 2.5, 0.46097280436867044, 0.7187962684647776, 0.5411367774628613, -2.501653996725141
-13.228876594138818, 10.173863700387876, 2.5, 0.43494157244289994, 0.7420643580611804, 0.5113061595555367, -2.426889317689452
-13.328876594138817, 10.053771181724613, 2.5, 0.43494157244289994, 0.7166822966181041, 0.5175939780017774, -2.1432461464374124
-13.328876594138817, 10.018687880679042, 2.5, 0.46796472353944973, 0.6911088546513181, 0.5416022315721277, -2.335255137541096
-13.45841801483414, 9.918687880679043, 2.5, 0.46796472353944973, 0.7123781152652856, 0.5168748883141437, -2.2945927479903014
-13.45841801483414, 9.872115841932258, 2.5, 0.504797538323226, 0.6825912771121041, 0.5511952853704729, -2.2401909689749533
-13.574395973171193, 9.772115841932258, 2.5, 0.504797538323226, 0.7057783204549767, 0.5390323055688421, -2.199200178019775
-13.574395973171193, 9.712514514761166, 2.5, 0.5339510021426311, 0.6666635602403195, 0.5820751203578645, -2.1435632887089717
-13.67731955572051, 9.612514514761166, 2.5, 0.5339510021426311, 0.6912119942957695, 0.5750119613985482, -2.078015987753171
-13.67731955572051, 9.52730492688423, 2.5, 0.5252555400620661, 0.645224879126861, 0.6307475096455908, -2.043736244780098
-13.772085734895558, 9.427304926884231, 2.5, 0.5252555400620661, 0.6745496485653265, 0.612949756934587, -2.1889477955138577
-13.772085734895558, 9.394042031094804, 2.5, 0.4074651628607772, 0.6590802692468404, 0.6305505790239679, -1.9060921883405937
-13.818521572804132, 9.294042031094804, 2.5, 0.4074651628607772, 0.653096904893106, 0.6359262845983891, -2.0055263190921417
-13.864957410712705, 9.194042031094805, 2.5, 0.4074651628607772, 0.6510068425273869, 0.6378631014783244, -1.9682279489370196
-13.864957410712705, 9.18341967263037, 2.5, 0.23917337266588834, 0.647056642641024, 0.6419452365758552, -1.863906988054302
-13.898343637989585, 9.08341967263037, 2.5, 0.23917337266588834, 0.6375661323958243, 0.6518257910167723, -1.8930228511197245
-13.931729865266464, 8.98341967263037, 2.5, 0.23917337266588834, 0.6321735673731701, 0.6623443791156522, -1.8930228511197245
-13.965116092543344, 8.883419672630371, 2.5, 0.23917337266588834, 0.6304471080963282, 0.6747352715806585, -1.857768122894495
-13.965116092543344, 8.870291229237555, 2.5, 0.12537167588056417, 0.6260881207023494, 0.679733035581285, -1.8119584452635344
-13.99293989371504, 8.770291229237555, 2.5, 0.12537167588056417, 0.6224123973475741, 0.6991613726678461, -1.8421703922952666
-14.020763694886735, 8.670291229237556, 2.5, 0.12537167588056417, 0.6215117395779987, 0.7197118300753729, -1.8421703922952666
-14.048587496058431, 8.570291229237556, 2.5, 0.12537167588056417, 0.6229580330636793, 0.7406898043498685, -1.8421703922952666
-14.076411297230127, 8.470291229237557, 2.5, 0.12537167588056417, 0.6263241197987595, 0.761399547602647, -1.798526131673643
-14.076411297230127, 8.450231664905361, 2.5, 0.06014138931443912, 0.6204328239426903, 0.7697273852036514, -1.7700471513801592
-14.100654948316482, 8.350231664905362, 2.5811675532576395, 0.06014138931443912, 0.621897992838383, 0.7927719984781612, -1.8086438416702784
-14.124898599402837, 8.250231664905362, 2.662335106515279, 0.06014138931443912, 0.6244485670436214, 0.8141439555000306, -1.8086438416702784
-14.149142250489191, 8.150231664905363, 2.743502659772919, 0.06014138931443912, 0.6279254850866794, 0.8333701708556093, -1.8086438416702784
-14.173385901575546, 8.050231664905363, 2.8246702130305583, 0.06014138931443912, 0.6318231816087545, 0.8507543689351922, -1.8086438416702784
-14.197629552661901, 7.950231664905363, 2.905837766288198, 0.06014138931443912, 0.6361422700667414, 0.8664569622178883, -1.8051745054455062
-14.197629552661901, 7.948694523655509, 2.905837766288198, 0.029912835906420264, 0.6359610907907483, 0.8669560692335412, -1.7842264861180144
-14.219635806192292, 7.848694523655509, 2.96059148467576, 0.029912835906420264, 0.6389362205186496, 0.8835731355880673, -1.7874062793131609
-14.241642059722682, 7.74869452365551, 3.0153452030633217, 0.029912835906420264, 0.6427830430313438, 0.9002334525530685, -1.7874062793131693
-14.263648313253075, 7.64869452365551, 3.0700989214508834, 0.029912835906420264, 0.6474932012249804, 0.9173860954961767, -1.7874062793131693
-14.285654566783466, 7.54869452365551, 3.1248526398384455, 0.029912835906420264, 0.6530596579492398, 0.9351431187898324, -1.7874062793131609
-14.307660820313856, 7.448694523655511, 3.1796063582260077, 0.029912835906420264, 0.6594786557751758, 0.9531242459673525, -1.7874062793131609
-14.329667073844247, 7.348694523655511, 3.2343600766135694, 0.029912835906420264, 0.6667521474105745, 0.9713975118523599, -1.7261660517845827
-14.329667073844247, 7.308198086903769, 3.2343600766135694, 0.023119920678843064, 0.6620004897418696, 0.9860893715756492, -1.7234225875928082
-14.35127859265608, 7.208198086903769, 3.243457098756663, 0.023119920678843064, 0.6700662489088882, 1.0049337680412385, -1.7836381583338985
-14.372890111467912, 7.108198086903769, 3.252554120899757, 0.023119920678843064, 0.6789092977837877, 1.0236010673129898, -1.7836381583338985
-14.394501630279745, 7.00819808690377, 3.26165114304285, 0.023119920678843064, 0.6885695230395048, 1.041892722577253, -1.783638158333907
-14.41611314909158, 6.90819808690377, 3.270748165185944, 0.023119920678843064, 0.6989959273538253, 1.0595020357420613, -1.783638158333907
-14.437724667903412, 6.80819808690377, 3.2798451873290375, 0.023119920678843064, 0.7100246934411253, 1.0757484840165772, -1.7836381583338985
-14.459336186715245, 6.708198086903771, 3.2889422094721312, 0.023119920678843064, 0.7214349324029403, 1.0881563422972929, -1.7433007373751999
-14.459336186715245, 6.684162289568224, 3.2889422094721312, 0.023580631782593443, 0.7192136401343342, 1.0953465415986006, -1.7249449501063172
-14.478609028945966, 6.584162289568225, 3.2498661807503244, 0.023580631782593443, 0.7287447253722643, 1.1020936397225267, -1.761190308400772
-14.497881871176688, 6.484162289568225, 3.2107901520285176, 0.023580631782593443, 0.7379940633033203, 1.0978474001359124, -1.761190308400772
-14.51715471340741, 6.384162289568225, 3.1717141233067108, 0.023580631782593443, 0.7456740528056743, 1.0859300561825809, -1.761190308400772
-14.53642755563813, 6.284162289568226, 3.132638094584904, 0.023580631782593443, 0.7520709846570791, 1.0706644049975398, -1.761190308400772
-14.555700397868852, 6.184162289568226, 3.093562065863097, 0.023580631782593443, 0.7575079534890038, 1.05360346562404, -1.761190308400772
-14.574973240099574, 6.084162289568226, 3.0544860371412903, 0.023580631782593443, 0.7619263080374802, 1.0354772078527796, -1.6939857225421888
-14.574973240099574, 6.0285056208436245, 3.0544860371412903, 0.025663845746546135, 0.752911043452115, 1.03480615945538, -1.6911463551448567
-14.593797496796165, 5.928505620843625, 2.9631825903339264, 0.025663845746546135, 0.7546451268101186, 1.0159519463150246, -1.7568615279058393
-14.612621753492757, 5.828505620843625, 2.871879143526563, 0.025663845746546135, 0.7553439496066041, 0.9968026812890417, -1.7568615279058306
-14.631446010189347, 5.728505620843626, 2.780575696719199, 0.025663845746546135, 0.7562817725020441, 0.9775509188492543, -1.7568615279058306
-14.650270266885938, 5.628505620843626, 2.6892722499118356, 0.025663845746546135, 0.7588049870432519, 0.9583891890779043, -1.7568615279058393
-14.66909452358253, 5.528505620843626, 2.5979688031044716, 0.025663845746546135, 0.7569816579587354, 0.9394902970069345, -1.691064972387701
-14.66909452358253, 5.472742599545112, 2.5979688031044716, 0.03151020904232139, 0.7496866328623611, 0.9404828934272069, -1.6807063328982499
-14.686283710336891, 5.372742599545113, 2.5734766023283537, 0.03151020904232139, 0.7484392127136471, 0.9235587841478081, -1.741024635590945
-14.703472897091252, 5.272742599545113, 2.548984401552236, 0.03151020904232139, 0.7503996630812286, 0.9065779070482004, -1.7410246355909365
-14.720662083845612, 5.1727425995451135, 2.524492200776118, 0.03151020904232139, 0.7578905691665715, 0.889392450646275, -1.7410246355909365
-14.737851270599974, 5.072742599545114, 2.5, 0.03151020904232139, 0.7624833938183816, 0.8718545659040597, -1.6871201978396082
-14.737851270599974, 5.025639634199697, 2.5, 0.0531010025749804, 0.7611912534186062, 0.8709719231031484, -1.6764985134317811
-14.753458545485879, 4.9256396341996975, 2.5, 0.0531010025749804, 0.7699271762606797, 0.8545308497653804, -1.7256200371900259
-14.769065820371784, 4.825639634199698, 2.5, 0.0531010025749804, 0.7877693359592728, 0.8378277247492923, -1.7256200371900259
-14.78467309525769, 4.725639634199698, 2.5, 0.0531010025749804, 0.806974303792083, 0.8212559866948521, -1.564647919604711
-14.7678094874026, 4.621307504061118, 2.5, 0.12392963729045132, 0.8046133975212972, 0.8377306094774113, -1.4105483672415084
-14.75094587954751, 4.516975373922538, 2.5, 0.12392963729045132, 0.8067461241705233, 0.8551478030252542, -1.4105483672415084
-14.73408227169242, 4.412643243783958, 2.5, 0.12392963729045132, 0.8225661356728984, 0.8739005474499661, -1.4105483672415084
-14.71721866383733, 4.308311113645377, 2.5, 0.2854995132954943, 0.8426736730241338, 0.894275219867432, -1.4105483672415084
-14.700355055982241, 4.203978983506797, 2.5, 0.2854995132954943, 0.8742666608311696, 0.9154761558632931, -1.4105483672415084
-14.683491448127151, 4.099646853368217, 2.5, 1.3097631694204972, 0.9170194210441073, 0.936076766609467, -1.4105483672415082
-14.666627840272062, 3.995314723229637, 2.5, 1.3097631694204972, 0.9670003713181594, 0.9541035792178736, -1.4105483672415082
-14.649764232416972, 3.890982593091057, 2.5, -0.3443176244670267, 1.02174335968712, 0.9618698188680542, -1.4105483672415084
-14.649764232416972, 3.890982593091057, 1.8, -0.9990922580501403, 1.02174335968712, 0.9618698188680542, -1.1207603476585848
-14.607105377298268, 3.8026801619546777, 1.8, 0.9026463935872661, 1.0548526266397724, 0.9818194101670287, -1.071571836941351
-14.556147996594383, 3.719302912544168, 1.8, 1.0088029595775263, 1.086831334662985, 0.9955868349861902, -0.968600575587171
-14.496234070005924, 3.6413811609414752, 1.8, 1.0933301705423781, 1.1170101542159983, 1.006316888860103, -0.8583627891508125
-14.426705577233498, 3.5694452232285485, 1.8, 1.1379156268347, 1.1450503862478474, 1.0156723392697176, -0.744265873471059
-14.347063974992073, 3.504004059748759, 1.8, 0.9932292762134802, 1.1676171956545387, 1.0248551324634523, -0.6344806925142663
-14.258148801050393, 3.4453874469719077, 1.8, 0.8619698652861758, 1.186965075949789, 1.0345356383316182, -0.5356947275360846
-14.161467944458815, 3.393835661728591, 1.8, 0.758067372718808, 1.2065014011348538, 1.0452464510065846, -0.4532575311362027
-14.061467944458816, 3.349588319734552, 1.8, 0.758067372718808, 1.2277041529465489, 1.0570358887892424, -0.4059819982717605
-14.058534231236834, 3.349588319734552, 1.8, 0.6869119520911698, 1.2271893957350561, 1.058490495777989, -0.3425175945467401
-13.958534231236834, 3.3128850367055342, 1.8, 0.6869119520911698, 1.2503058974064682, 1.0749926272457786, -0.3285225922070835
-13.95086048740395, 3.3128850367055342, 1.8, 0.6438338463746537, 1.2496301770042308, 1.0788567315943365, -0.26239299388024306
-13.850860487403951, 3.2839654283572814, 1.8, 0.6438338463746537, 1.2739851366407307, 1.101087798719733, -0.25508889717482364
-13.83995953897966, 3.2839654283572814, 1.8, 0.6257749691486787, 1.273332269554062, 1.10665266148432, -0.18623970212624968
-13.73995953897966, 3.263069110405538, 1.8, 0.6257749691486787, 1.2925862586077705, 1.1356311296215533, -0.18346818310313615
-13.727344211983457, 3.263069110405538, 1.8, 0.6316542689126278, 1.2929324652997165, 1.1421081579360417, -0.11171491894471303
-13.627344211983457, 3.2504356985660485, 1.8, 0.6316542689126278, 1.3125708567177008, 1.1789004163487236, -0.11151698713080269
-13.61452733243485, 3.2504356985660485, 1.8, 0.6625206523977706, 1.3140171294323622, 1.1855349919291813, -0.03659953532755496
-13.51452733243485, 3.2463048085545565, 1.8, 0.6625206523977706, 1.3335513616190053, 1.2307741647039865, -0.03702954415974416
-13.503021726353326, 3.2463048085545565, 1.8, 0.7217664555204019, 1.335795761985686, 1.2367133273392399, 0.04133085044363843
-13.403021726353327, 3.250916056086806, 1.8, 0.7217664555204019, 1.3548138966629353, 1.288269134496737, 0.04240356593324712
-13.394340219758387, 3.250916056086806, 1.8, 0.8154099503011725, 1.3571856164132186, 1.2795913452053929, 0.1244257720666486
-13.294340219758388, 3.2645090568785413, 1.8, 0.8154099503011725, 1.3689079991538566, 1.1801492163428, 0.12954081127937275
-13.289995638669538, 3.2645090568785413, 1.8, 0.9521955093477906, 1.3701346744440213, 1.175808734801214, 0.21830908246016476
-13.191500809106266, 3.2873234266455067, 1.8, 1.1426959425084322, 1.3799070625638155, 1.0787397956897, 0.28273343891956754
-13.100368557088073, 3.319598781103444, 1.8, 1.3953615400412047, 1.3852733667644426, 0.989811080644022, 0.40460766341577903
-13.018111708634455, 3.361574735968101, 1.8, 1.6874019205034836, 1.381332502124533, 0.9087816148183993, 0.5471388050092466
-12.946240549995544, 3.4134897689863415, 1.8, 1.8916273808157968, 1.3660728631824364, 0.8410773111853457, 0.70915823197077
-12.885595638264506, 3.4752822791077205, 1.8, 1.8531763305810707, 1.342170362576274, 0.7828009152249873, 0.8751500082682812
-12.83545298224144, 3.5461896538875277, 1.8, 1.6189531159833326, 1.3100295132692563, 0.737474962219112, 1.027003618069488
-12.794865555956031, 3.625349347938044, 1.8, 1.326134720319221, 1.2648329671086282, 0.7038235713715152, 1.1580369970448758
-12.762886333437962, 3.7118988158715625, 1.8, 1.045592698379047, 1.2123008034611977, 0.6788513462888627, 1.2670794351980494
-12.738568288716912, 3.804975512300367, 1.8, 0.8060671841684928, 1.1547786229762969, 0.6622890510246553, 1.355629018594979
-12.720964395822566, 3.9037168918367415, 1.8, 0.6125141735421764, 1.0931761259098633, 0.6540678165074413, 1.4237303169007687
-12.709127628784605, 4.003716891836741, 1.8, 0.6125141735421764, 1.0252894830233001, 0.6525437713316928, 1.4569736016090526
-12.709127628784605, 4.0072604090929795, 1.8, 0.45906129889896263, 1.0226967903391413, 0.6530494416127529, 1.5031343783869884
-12.702110961632714, 4.107260409092979, 1.8, 0.45906129889896263, 0.9572159052196004, 0.6570588262009136, 1.505607247494823
-12.702110961632714, 4.114743518681362, 1.8, 0.336825327323018, 0.9521703240928239, 0.6581850240985085, 1.5415573388410677
-12.698967368396573, 4.214743518681361, 1.8, 0.336825327323018, 0.8905483597139547, 0.6672992459198358, 1.5423706570505322
-12.698967368396573, 4.225303675214183, 1.8, 0.23724644025006716, 0.8841852256110636, 0.669010287762985, 1.5688286648742233
-12.698749823105864, 4.325303675214182, 1.8, 0.23724644025006716, 0.8218514652969003, 0.6832534515706082, 1.5688673028053186
-12.698749823105864, 4.338078333303725, 1.8, 0.15303229994188822, 0.8140024382680334, 0.6855036495438931, 1.5864144939249967
-12.700511299790268, 4.438078333303725, 1.8, 0.15303229994188822, 0.7557094289882049, 0.7049215740948985, 1.586229508987264
-12.700511299790268, 4.452204947562273, 1.8, 0.07810246675925728, 0.7484005408791305, 0.707629318924991, 1.595268401351527
-12.703304772479472, 4.552204947562273, 1.8, 0.07810246675925728, 0.7000772088993436, 0.7322824429228884, 1.5951639469663075
-12.703304772479472, 4.5668209726021205, 1.8, 0.007188799219994833, 0.692663176613829, 0.7353154750762733, 1.595904838494245
-12.706183215203152, 4.66682097260212, 1.8, 0.007188799219994833, 0.6447737243014761, 0.7652811758095522, 1.5959868120695002
-12.706183215203152, 4.681063863035547, 1.8, -0.06439827736477273, 0.6393162533532019, 0.768452962900712, 1.5884444923488952
-12.708199601990998, 4.781063863035547, 1.8, -0.06439827736477273, 0.6070910053933319, 0.7994487199755581, 1.588637425903456
-12.708199601990998, 4.794071073474848, 1.8, -0.13408741194155963, 0.6025411039618314, 0.8040626690466289, 1.5727558006855846
-12.708421036952716, 4.894071073474848, 1.8, -0.13408741194155963, 0.5739325278607886, 0.8368120774276041, 1.5727925538946261
-12.708421036952716, 4.9049976647500575, 1.8, -0.18861339583028136, 0.5718043390608417, 0.8407496820396612, 1.5515959939732242
-12.706290947720586, 5.004997664750057, 1.8, -0.18861339583028136, 0.5582259596964997, 0.8765679477850558, 1.5511612503228704
-12.706290947720586, 5.013467600476521, 1.8, -0.22275417952693563, 0.5567409774288943, 0.8796500452865113, 1.5281290998381412
-12.701660025828025, 5.113467600476521, 1.8, -0.22275417952693563, 0.5535016899691577, 0.9170517081187821, 1.5271955904062842
-12.701660025828025, 5.119612299068874, 1.8, -0.24818247210585961, 0.5536078893170655, 0.9196565660967339, 1.5024986169813341
-12.694399293077, 5.219612299068873, 1.8, -0.24818247210585961, 0.5571861426890214, 0.954555455470833, 1.501078790971804
-12.694399293077, 5.223588510654938, 1.8, -0.27322198754907445, 0.5572917910357292, 0.9563900169076421, 1.4747293539540491
-12.684379771269475, 5.323588510654938, 1.8, -0.27322198754907445, 0.5727774054477434, 0.991873340209447, 1.4728459575777961
-12.684379771269475, 5.325552985362552, 1.8, -0.2977286397769965, 0.5728279373461497, 0.9927718022350644, 1.4448799025002674
-12.671472482207415, 5.425552985362551, 1.8, -0.2977286397769965, 0.5968445863681024, 1.02798009709266, 1.442571986145779
-12.671472482207415, 5.4256624733195435, 1.8, -0.3210101747986508, 0.5968658235815434, 1.0280296990576037, 1.410550895983167
-12.655548447692784, 5.524073724653739, 1.8, -0.3423135266263552, 0.6235441775852762, 1.0612292412179452, 1.3934811952826194
-12.636478689527545, 5.620943489492977, 1.8, -0.3608684072326023, 0.6577564596098417, 1.0917372822540439, 1.358732290661533
-12.614134229513663, 5.7164285179650856, 1.8, -0.37594277440986057, 0.6977856338135456, 1.1181558665568736, 1.3225610068820313
-12.588386089453103, 5.810685560197888, 1.8, -0.3869046816298551, 0.7404342344619094, 1.141337471575648, 1.2852424159976668
-12.559105291147826, 5.903871366319228, 1.8, -0.39328231877876707, 0.7850505339722803, 1.1607307024668678, 1.247085568858479
-12.526162856399804, 5.996142686456926, 1.8, -0.39481274528745175, 0.832064901898896, 1.175240781332629, 1.2084234930134359
-12.48942980701099, 6.087656270738818, 1.8, -0.3914706576523964, 0.8776578486924427, 1.183692430024939, 1.1696011362334717
-12.448777164783355, 6.178568869292735, 1.8, -0.38347181701634414, 0.920264852081163, 1.1871108938940444, 1.130962279845648
-12.404075951518864, 6.269037232246502, 1.8, -0.37206625877098215, 0.9603393818671918, 1.1863308154684373, 1.0928365757104026
-12.355197204420985, 6.3592180619503775, 1.8, -0.36308246621881984, 0.9999950864802677, 1.1821851247141593, 1.0553285204207135
-12.302074634888056, 6.4490736368326615, 1.8, -0.3650623910688635, 1.0413478392104076, 1.1754718279825174, 1.017625586659314
-12.244847311461966, 6.537929189383726, 1.8, -0.3793015188206063, 1.0851310164665988, 1.1668933310688223, 0.9784470686406603
-12.183696297461953, 6.624979678552651, 1.8, -0.4028114483678489, 1.1320657314355804, 1.155138010769853, 0.9369688428022405
-12.118802656207256, 6.709420063288521, 1.8, -0.43543016951194324, 1.1828911398868096, 1.14152687545265, 0.8924677965649166
-12.050347451017107, 6.790445302540427, 1.8, -0.4781445503231091, 1.2383721154874567, 1.1299210915037257, 0.8441634783200525
-11.978511745210747, 6.86725035525745, 1.8, -0.5322636335687585, 1.299310624987474, 1.1140760481175231, 0.7911994038374733
-11.903476602107402, 6.939030180388681, 1.8, -0.5992702438683666, 1.3658956183279538, 1.1012039466362706, 0.7326331366876255
-11.825423085026316, 7.004979736883203, 1.8, -0.6805297001455766, 1.3937521861593851, 1.0866500689761323, 0.6674416960914848
-11.744532257286721, 7.0642939836901, 1.8, -0.7767445456235482, 1.299768377907261, 1.0704424805136301, 0.5945537024212414
-11.660985182207853, 7.1161678797584615, 1.8, -0.8870310552046475, 1.2118477311938758, 1.0559733813301417, 0.5129253112844071
-11.574962923108949, 7.159796384037368, 1.8, -1.0054818722194037, 1.1279172555561494, 1.0387824769294192, 0.4216807776601765
-11.48664654330924, 7.194374455475913, 1.8, -1.0967765698539973, 1.0520245804272081, 1.016297325863816, 0.3207526239435925
-11.396218952622542, 7.219179579982409, 1.8, -1.103595450303692, 0.9847539694835713, 0.9926638862760176, 0.21549320624722426
-11.303882989573497, 7.234379934359017, 1.8, -1.0259003460317946, 0.9250160956444236, 0.9678703939241216, 0.11489804613249167
-11.2098536559177, 7.240687317077669, 1.8, -0.9131768438691166, 0.8736202477447665, 0.9399777630230247, 0.02342838771333936
-11.11434612711433, 7.238821290092706, 1.8, -0.7944701944099517, 0.8316977922892762, 0.9065420385090753, -0.058110150822876794
-11.017575578622559, 7.229501415358465, 1.8, -0.6795620165456547, 0.795134699507135, 0.8746707367393095, -0.12966650364281357
-10.919757185901572, 7.21344725482929, 1.8, -0.5738287588098557, 0.7659925678017052, 0.845955390934287, -0.19165882708608767
-10.821106124410544, 7.191378370459518, 1.8, -0.4794063170427156, 0.7438767895972455, 0.8158893029666341, -0.24475527560941948
-10.721837569608649, 7.164014324203491, 1.8, -0.3963430592328864, 0.7278025856614371, 0.7875491978976193, -0.28971206843521596
-10.62216669695507, 7.132074678015548, 1.8, -0.3235340135098615, 0.7168266018954003, 0.7675843506921817, -0.3272690065415588
-10.522308681908976, 7.09627899385003, 1.8, -0.2593381674656567, 0.7100215498233713, 0.7459318572238646, -0.3580893042053272
-10.42247869992955, 7.057346833661276, 1.8, -0.20192755318132333, 0.7064531579518041, 0.7344051276402208, -0.382728694283582
-10.322891926475972, 7.015997759403627, 1.8, -0.14945004570668372, 0.7051631231886294, 0.7237564404368114, -0.40162150940236263
-10.223763537007413, 6.972951333031423, 1.8, -0.10007465811320408, 0.7051597308269686, 0.7237721020653511, -0.4150750371557653
-10.125308706983054, 6.928927116499007, 1.8, -0.052038684760164426, 0.7040118349861629, 0.7226900661279847, -0.42326640235513996
-10.027742611862072, 6.884644671760713, 1.8, -0.01013719971961602, 0.7012709124535004, 0.7299218324277991, -0.42625427772394686
-9.931279642248501, 6.840819448595104, 1.8, 0.008122687362550122, 0.6975632382145828, 0.7429245405573502, -0.42538919545385284
-9.836065068704299, 6.7978047487248805, 1.8, -0.00559091850061077, 0.6926548921200106, 0.756392300878207, -0.4245445414069761
-9.742121968063708, 6.755313651158894, 1.8, -0.03566312131346368, 0.6868370902328091, 0.775295407165666, -0.42658707823613423
-9.649460924919865, 6.712993782966187, 1.8, -0.06873543527327391, 0.6804687019609857, 0.7976584338989956, -0.43188896620474587
-9.558092523865891, 6.670492771215796, 1.8, -0.10322604096090861, 0.6739196083015921, 0.8199955468681789, -0.44054192407129217
-9.46802734949492, 6.627458242976768, 1.8, -0.13873127126121013, 0.6675670232661794, 0.8422340281766069, -0.45261166956396653
-9.379275986400087, 6.5835378253181425, 1.8, -0.17474626754009512, 0.661792371749545, 0.8639970892684268, -0.46813263700912267
-9.291849019174515, 6.5383791453089595, 1.8, -0.21065445885191597, 0.6569786437806329, 0.8828972055333767, -0.4871018623034484
-9.205757032411338, 6.491629830018263, 1.8, -0.2457253021356844, 0.6535082279443071, 0.8932412968246021, -0.5094723416524167
-9.121010610703683, 6.442937506515089, 1.8, -0.279124816308454, 0.6517612936086747, 0.892371507357471, -0.5351463927435802
-9.03762033864468, 6.391949801868485, 1.8, -0.30994301869819707, 0.6521148346886877, 0.8880966802429532, -0.5639697773259217
-8.955596800827466, 6.33831434314749, 1.8, -0.3372406308083686, 0.6549524479081118, 0.8827736775312706, -0.5957275352580544
-8.874950581845162, 6.281678757421146, 1.8, -0.3601141450917321, 0.6607783472172757, 0.8784586158738499, -0.6301425674637917
-8.795692266290908, 6.221690671758493, 1.8, -0.3777738268769822, 0.6701793238984026, 0.8706746955116863, -0.6668779204243876
-8.71783243875782, 6.157997713228571, 1.8, -0.38962446089588954, 0.6837443891073004, 0.8658115043073259, -0.7055434197351097
-8.641381683839041, 6.090247508900425, 1.8, -0.39533523789348524, 0.7020639065724559, 0.8607553258823514, -0.7667296043140435
-8.492749730216914, 5.941165871125623, 1.8, -0.3947538747495231, 0.7553379865959312, 0.8533252651215536, -0.8082275577139727
-8.420608790272269, 5.859157056325706, 1.8, -0.3863986289021173, 0.7914690019333425, 0.848110101464444, -0.870230672311515
-8.350341727230331, 5.772287100187157, 1.8, -0.37311927574660814, 0.8343925723717445, 0.8490117390959363, -0.9113281363740156
-8.282718617900487, 5.681292346217926, 1.8, -0.3645851413073352, 0.8840788420483968, 0.8438401063539439, -0.9526230078384392
-8.218522984245617, 5.586928411276416, 1.8, -0.36693701662328976, 0.9404808669461159, 0.8464044537459032, -0.9951255955595428
-8.158538348228603, 5.489950912221013, 1.8, -0.38092641688591955, 1.0035633817190754, 0.8452020081704518, -1.039866857691026
-8.103548231812336, 5.391115465910125, 1.8, -0.40709917065416984, 1.070268489958627, 0.8522409737271941, -1.0879558866021553
-8.054336156959696, 5.291177689202136, 1.8, -0.4470459765488813, 1.142434328283125, 0.8554732307703745, -1.1143509551689523
-8.054336156959696, 5.29089319895545, 1.8, -0.5034986934365775, 1.1426957915906528, 0.8553721588594395, -1.1686756774012566
-8.01168564563357, 5.19089319895545, 1.8, -0.5034986934365775, 1.2203304457634185, 0.8665652548913577, -1.1989208926359995
-7.976380219796842, 5.091017612028466, 1.8, -0.5804720648500102, 1.2993123846127494, 0.8784089408524728, -1.2659678985802971
-7.949203401412395, 4.992306545279575, 1.8, -0.6833633039181186, 1.3829491162959828, 0.8889954522102729, -1.342416508210662
-7.930938712443115, 4.895515615567179, 1.8, -0.8187470417360938, 1.4124564991622985, 0.9021200989091845, -1.4311513756375163
-7.922369674851888, 4.801400439749669, 1.8, -0.9932764037914605, 1.3239984738725568, 0.9156753067361982, -1.534778692410771
-7.924279810601597, 4.710716634685444, 1.8, -1.2105644071724644, 1.2444227802706553, 0.9276414587726746, -1.6557192162697254
-7.937452641655125, 4.624219817232904, 1.8, -1.464504483663416, 1.1722128456946483, 0.9298818957008161, -1.7953914593247002
-7.9626710298570815, 4.542665283238922, 1.8, -1.7141332429703284, 1.1108760415269427, 0.9265715744576757, -1.9502972688621023
-8.000312363059104, 4.466611149005195, 1.8, -1.8440262258934825, 1.0583397122200218, 0.9175248652552357, -2.1063819736394147
-8.049659408579785, 4.396083223502719, 1.8, -1.767259213294343, 1.014884734740007, 0.9033530203263174, -2.2501318461704574
-8.109812057469076, 4.331018384081482, 1.8, -1.5590131204487767, 0.9795155965557023, 0.8852304748611904, -2.3776906132419233
-8.179870200776937, 4.271353508091475, 1.8, -1.3227727746629374, 0.9502152096773069, 0.8646651289553637, -2.4889208422193683
-8.258933729553332, 4.217025472882679, 1.8, -1.102304067159465, 0.9237899034114336, 0.8434737663670067, -2.5852149707998247
-8.346102534848217, 4.167971155805085, 1.8, -0.9142545689546757, 0.898273755518125, 0.8179498314339664, -2.6686175690228344
-8.440476507711555, 4.124127434208676, 1.8, -0.7618363400967575, 0.8688509448392927, 0.7927779785149546, -2.709418169086825
-8.441155539193307, 4.124127434208676, 1.8, -0.6418086613544322, 0.8689066931386744, 0.7923858448001707, -2.7746477497281457
-8.541155539193307, 4.085431185443442, 1.8, -0.6418086613544322, 0.8324978955794509, 0.7732895987368871, -2.7918208157920743
-8.547239520343423, 4.085431185443442, 1.8, -0.5488658414800724, 0.8322639925160532, 0.7704968351863879, -2.8347566644734834
-8.647239520343422, 4.051819286859369, 1.8, -0.5488658414800724, 0.7938107058966282, 0.7619957566367416, -2.8465289849060476
-8.657828342211872, 4.051819286859369, 1.8, -0.4777469307947776, 0.793413731721549, 0.7585697359006074, -2.8886007959557256
-8.757828342211871, 4.023228615806444, 1.8, -0.4777469307947776, 0.7576895454999332, 0.7554389368517398, -2.8962655298034585
-8.772021895848608, 4.023228615806444, 1.8, -0.4240201454720097, 0.7572346525843294, 0.7512829030652082, -2.9375216547370453
-8.872021895848608, 3.9995960496346536, 1.8, -0.4240201454720097, 0.7261400744214345, 0.7525495610268578, -2.942117495289806
-8.888920072303598, 3.9995960496346536, 1.8, -0.3842473270832593, 0.7257746301955944, 0.7501870726671512, -2.9826548494226808
-8.988920072303598, 3.980858465693984, 1.8, -0.3842473270832593, 0.7012317818160103, 0.7626870598423386, -2.9850314313775312
-9.007622762626799, 3.980858465693984, 1.8, -0.3559127040770571, 0.7011210685774694, 0.762292372923165, -3.0249766686036192
-9.107622762626798, 3.9669527413344237, 1.8, -0.3559127040770571, 0.6850991454552326, 0.771393476189995, -3.025850572838614
-9.12722985786816, 3.9669527413344237, 1.8, -0.3372944946461203, 0.6853922487493567, 0.77198574074461, -3.065349050782248
-9.22722985786816, 3.9578157539059595, 1.8, -0.3372944946461203, 0.6799257679121287, 0.7916833159163095, -3.0653517785515825
-9.246841249077656, 3.9578157539059595, 1.8, -0.32513206609306894, 0.6807143498708036, 0.7952158003375238, -3.1045615035650824
-9.346841249077656, 3.953384380758577, 1.8, -0.32513206609306894, 0.6879054849581295, 0.8116083736449599, -3.1043043761629403
-9.36562708328078, 3.953384380758577, 1.8, -0.30390290968523687, 0.6891903636270902, 0.8149527509165729, 3.140924229409518
-9.46562708328078, 3.9534637800942574, 1.8, -0.30390290968523687, 0.7045493781719582, 0.8395573871449797, 3.140916964953333
-9.483135828156303, 3.9534637800942574, 1.8, -0.2554449726091117, 0.7086438896309392, 0.8450229900699788, 3.110234742929046
-9.583135828156303, 3.9571498170799915, 1.8, -0.2554449726091117, 0.7341317637722137, 0.8702028732342341, 3.1098016650320908
-9.599042733980017, 3.9571498170799915, 1.8, -0.1854187596038414, 0.7381573603990025, 0.8750598032156598, 3.0885752962649473
-9.699042733980017, 3.963300659013892, 1.8, -0.1854187596038414, 0.7762247623376666, 0.905773335449135, 3.087680917780268
-9.71302314282203, 3.963300659013892, 1.8, -0.10819203124391243, 0.7816315233315009, 0.911640972644543, 3.07611684888096
-9.81302314282203, 3.97077430109385, 1.8, -0.10819203124391243, 0.822783630527541, 0.9520990955721543, 3.0748015039007535
-9.82475239675246, 3.97077430109385, 1.8, -0.0258676104583429, 0.827375748843837, 0.9578018282912393, 3.0731907309923363
-9.92475239675246, 3.9784287385177537, 1.8, -0.0258676104583429, 0.8786409792536407, 0.997358499982358, 3.071581785139187
-9.933905837841408, 3.9784287385177537, 1.8, 0.06467802583919728, 0.8831451868337411, 1.0020052924986713, 3.080349895102845
-10.033905837841408, 3.985121966483494, 1.8, 0.06467802583919728, 0.9373092766984171, 1.0511631913823767, 3.07868245258131
-10.04015880815899, 3.985121966483494, 1.8, 0.16752448602794387, 0.9403428064826627, 1.0548164161652744, 3.098420574058162
-10.14015880815899, 3.989711980188959, 1.8, 0.16752448602794387, 0.9967540098212241, 1.1128694121585674, 3.097070896386074
-10.143186649775316, 3.989711980188959, 1.8, 0.2876777088255152, 0.9984539680406002, 1.114826190802282, 3.128540664368117
-10.243186649775316, 3.9910567748320402, 1.8, 0.2876777088255152, 1.0589875673690519, 1.175480867414187, -3.1330824763896006
-10.342664704760494, 3.9880143456106256, 1.8, 0.4307889099909841, 1.1187566653038434, 1.2428083400441785, -3.082128353302894
-10.43826831518464, 3.979442687722606, 1.8, 0.6021941668305992, 1.1729995902896102, 1.1818232733366456, -3.014929404093267
-10.529672823117858, 3.964199796365871, 1.8, 0.8045478665683651, 1.2246593543732431, 1.103252741095817, -2.9299897136802886
-10.616553570630261, 3.9411436667383084, 1.8, 1.033196905180078, 1.2723875402192384, 1.0237122827908236, -2.8264467116395715
-10.698585899791963, 3.9091322940378106, 1.8, 1.2694185937007822, 1.3117015399268652, 0.9446804098538382, -2.70511750710254
-10.775445152673068, 3.8670236734622674, 1.8, 1.4752631398798655, 1.342290035597506, 0.870337675309236, -2.5694358806917568
-10.846806671343693, 3.813675800209565, 1.8, 1.5922934185412787, 1.3667707043536799, 0.8025085325614826, -2.426773663052464
-10.912352205194997, 3.7481961839905944, 1.8, 1.5393745667305947, 1.384543084046438, 0.7382808897453186, -2.2916018902131707
-10.971807007804156, 3.6713864787128943, 1.8, 1.3307492289623883, 1.3902873276732726, 0.6816165575538932, -2.1738926827558758
-11.024914420669155, 3.5847527198370908, 1.8, 1.0968330082254631, 1.392505449754238, 0.6345204806882987, -2.0725398080910047
-11.071417844389343, 3.4898032443543805, 1.8, 0.9128848689472715, 1.3898879628502137, 0.5970293808157755, -2.0190252531699224
-11.071417844389343, 3.4880463892559512, 1.8, 0.7819831222807181, 1.3890497820018866, 0.597336998745934, -1.942291206369131
-11.11106067956407, 3.388046389255951, 1.8, 0.7819831222807181, 1.3803784274791016, 0.5684581668696889, -1.9254403933616175
-11.11106067956407, 3.3809904915330025, 1.8, 0.6930988760695427, 1.3775206711416725, 0.5698013987599703, -1.8657533667089683
-11.14358632679268, 3.2809904915330024, 1.8, 0.6930988760695427, 1.3710006231375047, 0.5516379096293467, -1.856214157991081
-11.14358632679268, 3.2701438881767215, 1.8, 0.6375564107739622, 1.3674394345488055, 0.553938831429966, -1.7939250474521222
-11.168738186674517, 3.1701438881767214, 1.8, 0.6375564107739622, 1.3546443635237728, 0.5459132979945865, -1.7895670963069807
-11.168738186674517, 3.157014916178305, 1.8, 0.6096034131961993, 1.3503496198729525, 0.5490303045827934, -1.7244559404059152
-11.186259659808933, 3.057014916178305, 1.8, 0.6096034131961993, 1.338419120246648, 0.5505460095309389, -1.7234279372390222
-11.186259659808933, 3.043111912528951, 1.8, 0.6061933185814508, 1.3349981292805444, 0.5541991236860023, -1.6551804761795346
-11.19589414679527, 2.943111912528951, 1.8, 0.6061933185814508, 1.320058808255226, 0.564655618590995, -1.6557253896851443
-11.19589414679527, 2.929943214219846, 1.8, 0.6267073589889635, 1.316873506553882, 0.5675495428945784, -1.5839697149854688
-11.197385048232878, 2.829943214219846, 1.8, 0.6267073589889635, 1.2982704962576026, 0.5862287077117165, -1.5842360155910038
-11.197385048232878, 2.8190171582421906, 1.8, 0.6728204237837755, 1.296528348578351, 0.5877667895194126, -1.5085894010873362
-11.190475764721102, 2.7190171582421905, 1.8, 0.6728204237837755, 1.2779098734884808, 0.6152708321422046, -1.5064181541785682
-11.190475764721102, 2.7118420815871707, 1.8, 0.7484982758457795, 1.2773605350083477, 0.6164048952102996, -1.4265652231863977
-11.174909696859288, 2.6118420815871706, 1.8, 0.7484982758457795, 1.252084039357273, 0.6537631022818184, -1.419232984901456
-11.174909696859288, 2.6099263212459847, 1.8, 0.8599297700781289, 1.2519452540636375, 0.6540767111661528, -1.3350688710839766
-11.150430245246785, 2.5099263212459846, 1.8, 0.8599297700781289, 1.224288106957054, 0.7011417248236513, -1.28129424097308
-11.116780810482938, 2.4147782142098295, 1.8, 1.0148543838330575, 1.1952524263909603, 0.7559246481441761, -1.17187561875158
-11.073704793167094, 2.3279060974698913, 1.8, 1.2174569378195101, 1.1609759350407856, 0.8208872607549411, -1.0424397370807046
-11.021002800600568, 2.2506937259319346, 1.8, 1.4280451523598652, 1.1185128073446768, 0.7686950489250253, -0.9008363916697929
-10.959078815769747, 2.183210851097148, 1.8, 1.5350414692559542, 1.0712106849704335, 0.711712290949508, -0.7608171099618846
-10.88869869000897, 2.1247391644686875, 1.8, 1.326406204357301, 1.0190910321582711, 0.6637628633856, -0.631876793502679
-10.810633185976577, 2.0745496618975214, 1.8, 1.1346440234397746, 0.9625705784138394, 0.6232396938000146, -0.5175583315771486
-10.725653066330906, 2.031913339234615, 1.8, 0.9399447330455042, 0.8996438513429459, 0.588822583237779, -0.4190774556775856
-10.634529093730304, 1.996101192330939, 1.8, 0.7622063625484284, 0.8307485460268405, 0.5600324584713277, -0.33601827168755694
-10.538032030833099, 1.96638421703746, 1.8, 0.609094441656514, 0.760413734501615, 0.5369659667133598, -0.2685133058619882
-10.4380320308331, 1.9420334092051459, 1.8, 0.609094441656514, 0.691595007134556, 0.5196621205335984, -0.23635806441464569
-10.436932640297643, 1.9420334092051459, 1.8, 0.4808234612396169, 0.6907225176089119, 0.5197936172260036, -0.19257625812212908
-10.336932640297643, 1.9223197646849668, 1.8, 0.4808234612396169, 0.6280713757312509, 0.5081163766719263, -0.18570780771436984
-10.332001684782272, 1.9223197646849668, 1.8, 0.6105274470695357, 0.6243482050184822, 0.5087420553450024, -0.14950356298978335
-10.232001684782272, 1.9065142793278889, 1.8, 0.6105274470695357, 0.5603797939057906, 0.5029590369825157, -0.14532645125504556
-10.224009926945325, 1.9065142793278889, 1.8, 0.014034959913052723, 0.5548315992681975, 0.5040782090023084, -0.14361641304061937
-10.124009926945325, 1.8908973727588092, 1.8, 0.014034959913052723, 0.5039778036138195, 0.5014286234189287, -0.154917735483957
-10.024009926945325, 1.8752804661897293, 1.8, 0.014034959913052723, 0.46450103235392587, 0.5015504020372896, -0.154917735483957
-9.924009926945326, 1.8596635596206497, 1.8, 0.014034959913052723, 0.43422830429660664, 0.5034277522535645, -0.08541705938070257
-9.841623557137963, 1.8596635596206497, 1.8, -0.01461702792504083, 0.4078864911077386, 0.519088805311558, -0.09264530669773116
-9.741623557137963, 1.842717808028684, 2.0312498676554855, -0.01461702792504083, 0.40026447861193115, 0.5199886585434562, -0.16786286328193142
-9.641623557137963, 1.8257720564367181, 2.262499735310971, -0.01461702792504083, 0.3998622930717159, 0.5195295383530301, -0.16786286328193142
-9.541623557137964, 1.8088263048447524, 2.4937496029664565, -0.01461702792504083, 0.4094899340935176, 0.5167098963992691, -0.16786286328193142
-9.441623557137964, 1.7918805532527866, 2.724999470621942, -0.01461702792504083, 0.42720798364296986, 0.5112765853785298, -0.09556062279474471
-9.364833811052048, 1.7918805532527866, 2.724999470621942, 0.0037109397274465326, 0.42376522725048515, 0.5180124962865419, -0.0846035828894513
-9.264833811052048, 1.7768877184989729, 2.8918845446784407, 0.0037109397274465326, 0.4427990544379595, 0.5106489023164359, -0.1488198711156891
-9.164833811052048, 1.7618948837451593, 3.0587696187349396, 0.0037109397274465326, 0.466139937275895, 0.5021128886058143, -0.1488198711156891
-9.064833811052049, 1.7469020489913456, 3.225654692791439, 0.0037109397274465326, 0.4866015424031205, 0.4928933046904736, -0.14881987111569017
-8.96483381105205, 1.7319092142375319, 3.392539766847938, 0.0037109397274465326, 0.5072626940893751, 0.48347825373797354, -0.1488198711156891
-8.86483381105205, 1.7169163794837183, 3.5594248409044367, 0.0037109397274465326, 0.5289684924550812, 0.4743322047460186, -0.1488198711156891
-8.76483381105205, 1.7019235447299046, 3.7263099149609356, 0.0037109397274465326, 0.549631759757613, 0.4658957130612073, -0.10431967635293321
-8.721635434726384, 1.7019235447299046, 3.7263099149609356, 0.010967039670258853, 0.551546392762287, 0.47161107131895846, -0.09358156458199862
-8.621635434726384, 1.6884835601062576, 3.8509801645947275, 0.010967039670258853, 0.5658241429529886, 0.46630779336328004, -0.13359926938245884
-8.521635434726385, 1.6750435754826105, 3.97565041422852, 0.010967039670258853, 0.5759918753612822, 0.46225409897311304, -0.13359926938245884
-8.421635434726385, 1.6616035908589635, 4.100320663862312, 0.010967039670258853, 0.5794164076569817, 0.46022561156098063, -0.13359926938245884
-8.321635434726385, 1.6481636062353164, 4.224990913496104, 0.010967039670258853, 0.5785918879243347, 0.46063509791047624, -0.13359926938245884
-8.221635434726386, 1.6347236216116694, 4.3496611631298965, 0.010967039670258853, 0.574479849213078, 0.46328178636695616, -0.13359926938245884
-8.121635434726386, 1.6212836369880224, 4.474331412763688, 0.010967039670258853, 0.567714452059522, 0.46731332378642176, -0.13359926938245884
-8.021635434726386, 1.6078436523643753, 4.59900166239748, 0.010967039670258853, 0.5587514578721571, 0.4718462970349174, -0.13359926938245884
-7.921635434726387, 1.5944036677407283, 4.723671912031272, 0.010967039670258853, 0.5467791300368423, 0.4759976993658888, -0.09693067260470488
-7.883414314050628, 1.5944036677407283, 4.723671912031272, 0.004439087769649782, 0.5362250112293891, 0.48369584539205296, -0.0909077199500643
-7.783414314050629, 1.5818035717112884, 4.823592924084847, 0.004439087769649782, 0.5236551424995923, 0.48516151073037445, -0.12534043373170037
-7.683414314050629, 1.5692034756818487, 4.923513936138423, 0.004439087769649782, 0.5115828870358164, 0.48416060775190845, -0.12534043373170037
-7.583414314050629, 1.5566033796524088, 5.023434948191998, 0.004439087769649782, 0.5006309061644147, 0.48107817477103865, -0.12534043373170037
-7.48341431405063, 1.5440032836229691, 5.123355960245573, 0.004439087769649782, 0.49113254558052666, 0.47634842493735136, -0.12534043373170037
-7.38341431405063, 1.5314031875935292, 5.223276972299148, 0.004439087769649782, 0.483005150672245, 0.47040573351198045, -0.12534043373170145
-7.2834143140506304, 1.5188030915640893, 5.323197984352723, 0.004439087769649782, 0.4761391164025683, 0.46368460219181606, -0.12534043373170037
-7.183414314050631, 1.5062029955346496, 5.4231189964062985, 0.004439087769649782, 0.4704314713338121, 0.4566202593544618, -0.12534043373170037
-7.083414314050631, 1.4936028995052097, 5.523040008459874, 0.004439087769649782, 0.46578425867965906, 0.4496765275945935, -0.12534043373170037
-6.9834143140506315, 1.48100280347577, 5.622961020513449, 0.004439087769649782, 0.46210293460147833, 0.4433570791518878, -0.12534043373170037
-6.883414314050632, 1.4684027074463302, 5.722882032567024, 0.004439087769649782, 0.4592948984130558, 0.43816865108601655, -0.0926260113126826
-6.847771628786575, 1.4684027074463302, 5.722882032567024, -0.0004705333114145967, 0.45369091028902647, 0.44270237742363433, -0.09372164097028866
-6.747771628786575, 1.4556526995756087, 5.799844728336694, -0.0004705333114145967, 0.45176000230775365, 0.43907575608296046, -0.1268158483259969
-6.647771628786575, 1.4429026917048873, 5.876807424106365, -0.0004705333114145967, 0.45050588988903484, 0.4375939773600132, -0.1268158483259969
-6.547771628786576, 1.4301526838341658, 5.953770119876035, -0.0004705333114145967, 0.44984625831322245, 0.43875104124984426, -0.1268158483259969
-6.447771628786576, 1.4174026759634444, 6.030732815645705, -0.0004705333114145967, 0.4496978681292175, 0.4424267684901974, -0.1268158483259969
-6.347771628786576, 1.404652668092723, 6.1076955114153755, -0.0004705333114145967, 0.44997662444752945, 0.4475962490434216, -0.1268158483259969
-6.247771628786577, 1.3919026602220015, 6.184658207185045, -0.0004705333114145967, 0.4505950584281793, 0.4531623243685545, -0.1268158483259969
-6.147771628786577, 1.37915265235128, 6.261620902954716, -0.0004705333114145967, 0.45145886307728517, 0.45802816310403593, -0.1268158483259969
-6.0477716287865775, 1.3664026444805586, 6.3385835987243855, -0.0004705333114145967, 0.4524732714553827, 0.46109727593706884, -0.1268158483259969
-5.947771628786578, 1.3536526366098371, 6.415546294494056, -0.0004705333114145967, 0.4535438974745174, 0.4612812025982865, -0.1268158483259969
-5.847771628786578, 1.3409026287391157, 6.492508990263726, -0.0004705333114145967, 0.45457652738065446, 0.4580857064075726, -0.1268158483259969
-5.7477716287865785, 1.3281526208683943, 6.569471686033396, -0.0004705333114145967, 0.4554769471430296, 0.45188321707226176, -0.1268158483259969
-5.647771628786579, 1.3154026129976728, 6.646434381803067, -0.0004705333114145967, 0.4561508059596382, 0.4459949548814128, -0.09931089139271308
-5.619809188771818, 1.3154026129976728, 6.646434381803067, -0.0017341128962997286, 0.45370891159336335, 0.44593787203536905, -0.1034823186744376
-5.519809188771818, 1.302113292472309, 6.689437657936216, -0.0017341128962997286, 0.4546718194463982, 0.44106102233924027, -0.13211906713527877
-5.4198091887718185, 1.2888239719469452, 6.7324409340693645, -0.0017341128962997286, 0.45522248107398666, 0.43894390889660106, -0.13211906713527877
-5.319809188771819, 1.2755346514215813, 6.775444210202513, -0.0017341128962997286, 0.45526384016515425, 0.4400780321543668, -0.13211906713527985
-5.219809188771819, 1.2622453308962174, 6.818447486335662, -0.0017341128962997286, 0.4546985389341642, 0.4418169228427204, -0.13211906713527877
-5.11980918877182, 1.2489560103708537, 6.861450762468811, -0.0017341128962997286, 0.4533848293306022, 0.44547223106427947, -0.13211906713527877
-5.01980918877182, 1.2356666898454898, 6.90445403860196, -0.0017341128962997286, 0.4504957946259342, 0.4503479080124157, -0.13211906713527985
-4.91980918877182, 1.2223773693201259, 6.947457314735108, -0.0017341128962997286, 0.44710063548396284, 0.4553569952707171, -0.13211906713527985
-4.819809188771821, 1.209088048794762, 6.990460590868257, -0.0017341128962997286, 0.44332568456450455, 0.4587455331787428, -0.13211906713527877
-4.719809188771821, 1.1957987282693983, 7.033463867001406, -0.0017341128962997286, 0.4392974794388428, 0.45783913764213435, -0.13211906713527877
-4.619809188771821, 1.1825094077440343, 7.076467143134555, -0.0017341128962997286, 0.4351427009578012, 0.4545518810545455, -0.13211906713527985
-4.519809188771822, 1.1692200872186704, 7.119470419267704, -0.0017341128962997286, 0.43412477783179043, 0.4493855256675624, -0.13211906713527877
-4.419809188771822, 1.1559307666933067, 7.162473695400853, -0.0017341128962997286, 0.4307368071894628, 0.44284217348194294, -0.13211906713527877
-4.319809188771822, 1.1426414461679428, 7.205476971534002, -0.0017341128962997286, 0.4289348815364037, 0.4354241627705568, -0.07611295245134861
-4.245546494979536, 1.1426414461679428, 7.205476971534002, -0.0029993507046557765, 0.415944252397948, 0.4402365361202021, -0.07671023193398036
-4.145546494979536, 1.1292474320186585, 7.21513913254482, -0.0029993507046557765, 0.41426472317224056, 0.4324449112655933, -0.1331476937248242
-4.045546494979536, 1.1158534178693742, 7.224801293555639, -0.0029993507046557765, 0.41239102573002123, 0.4252175422419758, -0.1331476937248242
-3.9455464949795367, 1.1024594037200899, 7.234463454566457, -0.0029993507046557765, 0.41016688006783053, 0.4189976535146847, -0.1331476937248242
-3.845546494979537, 1.0890653895708056, 7.244125615577276, -0.0029993507046557765, 0.4074433173337198, 0.4142286659243692, -0.1331476937248242
-3.7455464949795374, 1.0756713754215212, 7.253787776588094, -0.0029993507046557765, 0.4042123275485546, 0.4113544185679232, -0.1331476937248242
-3.6455464949795378, 1.062277361272237, 7.263449937598913, -0.0029993507046557765, 0.40059420346467844, 0.41029085321045633, -0.1331476937248242
-3.545546494979538, 1.0488833471229526, 7.273112098609731, -0.0029993507046557765, 0.3967138629370706, 0.40999448255467497, -0.1331476937248242
-3.4455464949795385, 1.0354893329736683, 7.282774259620549, -0.0029993507046557765, 0.39269614625805505, 0.41215875896505677, -0.1331476937248242
-3.345546494979539, 1.022095318824384, 7.292436420631367, -0.0029993507046557765, 0.3886657999027598, 0.4160133568567757, -0.1331476937248242
-3.245546494979539, 1.0087013046750997, 7.302098581642186, -0.0029993507046557765, 0.3847474599599051, 0.42063618734159247, -0.1331476937248242
-3.1455464949795395, 0.9953072905258153, 7.3117607426530045, -0.0029993507046557765, 0.38106563632739177, 0.42510576742063516, -0.1331476937248242
-3.04554649497954, 0.981913276376531, 7.321422903663823, -0.0029993507046557765, 0.3777446991357939, 0.42850109595813834, -0.1331476937248242
-2.9455464949795402, 0.9685192622272467, 7.3310850646746415, -0.0029993507046557765, 0.37490886923051026, 0.4278986955196546, -0.1331476937248242
-2.8455464949795406, 0.9551252480779624, 7.34074722568546, -0.0029993507046557765, 0.37268221482244823, 0.4241756594888989, -0.09367010821355833
-2.8029736075782026, 0.9551252480779624, 7.34074722568546, -0.0038553763254908662, 0.3662794074951874, 0.42732810296485013, -0.09837831057795052
-2.7029736075782025, 0.9410537429185278, 7.3211381883040065, -0.0038553763254908662, 0.36616538530240195, 0.4213407410370462, -0.13979717851448448
-2.6029736075782024, 0.9269822377590933, 7.301529150922552, -0.0038553763254908662, 0.3669135497865319, 0.414286319336972, -0.13979717851448448
-2.5029736075782023, 0.9129107325996587, 7.281920113541099, -0.0038553763254908662, 0.36836397719981323, 0.40676767832773136, -0.13979717851448392
-2.402973607578202, 0.8988392274402243, 7.262311076159645, -0.0038553763254908662, 0.3703442824482689, 0.3993876567939786, -0.13979717851448392
-2.302973607578202, 0.8847677222807897, 7.242702038778192, -0.0038553763254908662, 0.37268200238116417, 0.39262084844792655, -0.13979717851448448
-2.202973607578202, 0.8706962171213551, 7.223093001396737, -0.0038553763254908662, 0.3752046045803585, 0.38645999411490317, -0.13979717851448448
-2.102973607578202, 0.8566247119619206, 7.203483964015284, -0.0038553763254908662, 0.37773949933887524, 0.38078466076018963, -0.13979717851448448
-2.002973607578202, 0.842553206802486, 7.18387492663383, -0.0038553763254908662, 0.3801140535270126, 0.37547441881603566, -0.13979717851448448
-1.9029736075782018, 0.8284817016430515, 7.164265889252376, -0.0038553763254908662, 0.382155605399681, 0.37040885236937116, -0.13979717851448392
-1.8029736075782017, 0.814410196483617, 7.144656851870923, -0.0038553763254908662, 0.38369147980019336, 0.36546757084407927, -0.13979717851448448
-1.7029736075782016, 0.8003386913241823, 7.125047814489469, -0.0038553763254908662, 0.38454900362045685, 0.37684505845148636, -0.13979717851448448
-1.6029736075782015, 0.7862671861647479, 7.105438777108016, -0.0038553763254908662, 0.38455552177440905, 0.37640136779543454, -0.13979717851448392
-1.5029736075782014, 0.7721956810053133, 7.085829739726561, -0.0038553763254908662, 0.3835398408877358, 0.38374860148750406, -0.13979717851448448
-1.4029736075782013, 0.7581241758458788, 7.066220702345108, -0.0038553763254908662, 0.3814650439694525, 0.39100683058342756, -0.10916947239503079
-1.3745901033805659, 0.7581241758458788, 7.066220702345108, -0.0021668439657471956, 0.3772824940961348, 0.39762345880864514, -0.11272320785991741
-1.2745901033805658, 0.743590766850368, 7.014261939282644, -0.0021668439657471956, 0.374911428351267, 0.3993602542003346, -0.14432361653063766
-1.1745901033805657, 0.7290573578548571, 6.96230317622018, -0.0021668439657471956, 0.3719198331174218, 0.3974177077590537, -0.14432361653063766
-1.0745901033805656, 0.7145239488593463, 6.910344413157717, -0.0021668439657471956, 0.368536414584555, 0.392478944226558, -0.14432361653063766
-0.9745901033805655, 0.6999905398638355, 6.858385650095253, -0.0021668439657471956, 0.36498932334850653, 0.38528152600663296, -0.14432361653063766
-0.8745901033805654, 0.6854571308683247, 6.8064268870327895, -0.0021668439657471956, 0.36150611039364444, 0.376563474768354, -0.14432361653063766
-0.7745901033805653, 0.6709237218728139, 6.754468123970326, -0.0021668439657471956, 0.358313719876261, 0.36706317551368634, -0.14432361653063822
-0.6745901033805652, 0.656390312877303, 6.702509360907863, -0.0021668439657471956, 0.35563853443549476, 0.3575135829234775, -0.14432361653063822
-0.5745901033805652, 0.6418569038817922, 6.650550597845399, -0.0021668439657471956, 0.35370648882435596, 0.3484883477255541, -0.14432361653063766
-0.47459010338056506, 0.6273234948862814, 6.598591834782935, -0.0021668439657471956, 0.3527432641832032, 0.34038485014263736, -0.14432361653063766
-0.374590103380565, 0.6127900858907706, 6.546633071720471, -0.0021668439657471956, 0.3529745670906411, 0.33359137422831253, -0.14432361653063766
-0.2745901033805649, 0.5982566768952597, 6.494674308658008, -0.0021668439657471956, 0.3546263376722574, 0.3284961870553545, -0.14432361653063766
-0.1745901033805648, 0.5837232678997489, 6.4427155455955445, -0.0021668439657471956, 0.3577800316965225, 0.3254874799487122, -0.14432361653063766
-0.07459010338056471, 0.5691898589042381, 6.390756782533081, -0.0021668439657471956, 0.3621003046060124, 0.32493451330004375, -0.10618891991525768
-0.03824121464625563, 0.5691898589042381, 6.390756782533081, 0.004804682210878505, 0.36108040627854165, 0.33142464034067065, -0.10804780404991546
0.06175878535374438, 0.5544000624037104, 6.296791601985746, 0.004804682210878505, 0.3663387935109816, 0.33297741927708135, -0.1468335364320751
0.16175878535374438, 0.5396102659031828, 6.202826421438412, 0.004804682210878505, 0.3719472294339194, 0.33587414782831976, -0.14683353643207508
0.2617587853537444, 0.5248204694026551, 6.108861240891079, 0.004804682210878505, 0.3775088487558473, 0.3391920432777491, -0.14683353643207567
0.3617587853537444, 0.5100306729021274, 6.0148960603437445, 0.004804682210878505, 0.3826255365787817, 0.3420093933393761, -0.14683353643207514
0.46175878535374437, 0.49524087640159986, 5.92093087979641, 0.004804682210878505, 0.38670492942310314, 0.3434055787706266, -0.14683353643207508
0.5617587853537445, 0.48045107990107216, 5.826965699249076, 0.004804682210878505, 0.387665025997525, 0.3424735300358869, -0.14683353643207533
0.6617587853537444, 0.4656612834005445, 5.733000518701742, 0.004804682210878505, 0.3864163367368588, 0.33713330611665154, -0.14683353643207514
0.7617587853537444, 0.4508714869000169, 5.639035338154407, 0.004804682210878505, 0.38254218480630753, 0.3298401223229763, -0.14683353643207542
0.8617587853537444, 0.4360816903994892, 5.373275262705361, 0.004804682210878505, 0.37563089745032596, 0.3218097994444815, -0.14683353643207542
0.9617587853537444, 0.42129189389896154, 5.107515187256314, 0.004804682210878505, 0.36554994382044453, 0.3136915028237025, -0.14683353643207508
1.0617587853537445, 0.4065020973984339, 4.8417551118072675, 0.004804682210878505, 0.3532003677751794, 0.3061278607497841, -0.0834492400043285
1.1385782460147458, 0.4065020973984339, 4.57599503635822, 0.025085026738758932, 0.33025859828954757, 0.31236843930524105, -0.0646377663277666
1.2385782460147459, 0.39505693852950596, 4.310234960909174, 0.025085026738758932, 0.31315574179182964, 0.30912381648008175, -0.11395573989171877
1.338578246014746, 0.383611779660578, 4.044474885460128, 0.025085026738758932, 0.29713964137794147, 0.30642615225954645, -0.11395573989171877
1.438578246014746, 0.3721666207916501, 3.778714810011081, 0.025085026738758932, 0.28332857938575, 0.3039325243874745, -0.11395573989171877
1.5385782460147461, 0.36072146192272214, 3.512954734562034, 0.025085026738758932, 0.2728323782016851, 0.30130034952957696, -0.11395573989171877
1.6385782460147462, 0.3492763030537942, 3.247194659112987, 0.025085026738758932, 0.26676061463671424, 0.2981874287704639, -0.11395573989171877
1.7385783195495605, 0.33783113956451416, 2.9814345836639404, 0.025085026738758932, 0.2662373375635391, 0.29425761054883093, -0.11395573989171877
1.8385782460147464, 0.3263859853159383, 2.9573628544807433, 0.025085026738758932, 0.2724182544427417, 0.2895545459913393, -0.11395573989171877
1.9385782460147465, 0.3149408264470104, 2.933291125297546, 0.025085026738758932, 0.2784344268236716, 0.2847366776143356, -0.11395573989171877
2.0385782460147466, 0.30349566757808244, 2.9092193961143495, 0.025085026738758932, 0.2897961444963722, 0.28051762870350616, -0.07525249112661966
2.0903811449096614, 0.30349566757808244, 2.8851476669311524, 0.06136934017862188, 0.2991252462850917, 0.28160271049891655, -0.02397492569441755
2.1903811449096615, 0.2998555068789269, 2.8610759377479553, 0.06136934017862188, 0.30840423868628525, 0.28836573850188224, -0.03638554145184121
2.2903811449096616, 0.29621534617977147, 2.837004208564758, 0.06136934017862188, 0.32661114249998785, 0.2978608222818429, -0.03638554145184121
2.3903811449096617, 0.29257518548061595, 2.812932479381561, 0.06136934017862188, 0.3544810209430323, 0.31014984289302594, -0.03638554145184149
2.490381144909662, 0.28893502478146044, 2.7888607501983644, 0.06136934017862188, 0.37963413651874, 0.32418686750873493, -0.03638554145184149
2.590381144909662, 0.2852948640823049, 2.7647890210151673, 0.06136934017862188, 0.41043603811201346, 0.3388163364350285, -0.03638554145184121
2.6903810501098633, 0.2816547155380249, 2.74071729183197, 0.06136934017862188, 0.4508588671075348, 0.35288200995318375, -0.03638554145184121
2.790381144909662, 0.27801454268399395, 2.716645562648773, 0.06136934017862188, 0.48628710580735685, 0.36522724597690015, -0.034432512851849
2.7960580675345845, 0.27801454268399395, 2.692573833465576, 0.09625673766221135, 0.4886485777122469, 0.3656919036931179, 0.005390335369330344
2.8960580675345846, 0.2785841822548468, 2.6685021042823793, 0.09625673766221135, 0.5300444427906658, 0.37935622257918955, 0.005696334095757705
2.9960580675345847, 0.2791538218256997, 2.644430375099182, 0.09625673766221135, 0.575273269828748, 0.3896948165806178, 0.005696334095757705
3.096058067534585, 0.2797234613965526, 2.620358645915985, 0.09625673766221135, 0.6245319399930548, 0.39777243017473035, 0.005696334095757705
3.196058067534585, 0.28029310096740545, 2.596286916732788, 0.09625673766221135, 0.6796782509202901, 0.4048491688724168, 0.003008630277894148
3.28539268145245, 0.28029310096740545, 2.572215187549591, 0.11748601077891203, 0.7341540865035516, 0.41088326358204974, 0.04111098816075635
3.38539268145245, 0.28808122213556636, 2.548143458366394, 0.11748601077891203, 0.7908508144111136, 0.42693980551085386, 0.07772431986987112
3.48539268145245, 0.2958693433037272, 2.524071729183197, 0.11748601077891203, 0.8555869963026781, 0.4457532275198537, 0.07772431986987112
3.58539268145245, 0.3036574644718881, 2.5, 0.11748601077891203, 0.9247897498742463, 0.46791037077850056, 0.06848271462333032
3.598938738715968, 0.3036574644718881, 2.5, 0.12349319478870255, 0.9347228910447807, 0.468901795064946, 0.055513551181716574
3.698938738715968, 0.3099672924453092, 2.5, 0.12349319478870255, 1.0067171556993033, 0.4920203702417946, 0.03888424974058471
3.7611290233017285, 0.3099672924453092, 2.5, 0.5188266545591492, 1.0561379932995907, 0.5013930981860899, 0.08771420085602843
3.8611290233017286, 0.32423028119081176, 2.5, 0.5188266545591492, 1.1304541612554104, 0.5334006791182139, 0.13046755034791255
3.869830149086252, 0.32423028119081176, 2.5, 1.7899136995526854, 1.1377817698878587, 0.5352370614267457, 0.3043962393619706
3.967245094785646, 0.3575676797831532, 2.5, 2.227072508947967, 1.2046991821132553, 0.5853365486134373, 0.42193972364533244
4.054355499470333, 0.40706391825013477, 2.5, 2.057065778208693, 1.2602476112128167, 0.648629839395517, 0.6483657932181184
4.145218987846598, 0.49240585599676445, 2.5, 1.4906650789566898, 1.3067545788940924, 0.7464782890601045, 0.8258879766839068
4.225264995355468, 0.5924058559967644, 2.5, 1.4906650789566898, 1.3475720678378147, 0.8551114069299399, 0.9661463813453296
4.225264995355468, 0.6082491980556222, 2.5, 1.2298970241376788, 1.3428949773539485, 0.8709043637025846, 1.1291344527496787
4.280037154800938, 0.7082491980556221, 2.5, 1.2298970241376788, 1.3708825842096832, 0.9303492310131771, 1.1682664445086681
4.280037154800938, 0.736889220799322, 2.5, 1.3149977907399413, 1.3651277452276915, 0.9503530963683621, 1.355292480211279
4.308196860370391, 0.8368892207993219, 2.5, 1.3149977907399413, 1.3775789931189997, 0.9426719055331519, 1.323490202955922
4.308196860370391, 0.8484241280171099, 2.5, 1.248244772591403, 1.3762822322419666, 0.9326593577289304, 1.4669638610157463
4.31981960382615, 0.9484241280171098, 2.5, 1.248244772591403, 1.3806833581088946, 0.8370008151044288, 1.4724789924298707
4.31981960382615, 0.9662596016921912, 2.5, 1.111036218887162, 1.3800680879895477, 0.8209846998128575, 1.5811876730047274
4.318595229085299, 1.0662462702546303, 2.5, 0.9469963783565546, 1.3756272539765533, 0.7333656939375578, 1.642447775618732
4.305465696881707, 1.1662462702546303, 2.5, 0.9469963783565546, 1.3665761166566854, 0.6523070292406685, 1.697120860311381
4.305465696881707, 1.169627755703656, 2.5, 0.8777535978376461, 1.3668416963116117, 0.6492843196965096, 1.7359587851788734
4.292256809491024, 1.2454928599985111, 2.5, 0.7672520761284258, 1.3618868094094978, 0.5892325620678006, 1.7974148023464445
4.2679978171399675, 1.3321223341607118, 2.5, 0.6180916920345563, 1.3525529813536676, 0.5269755601054611, 1.841509306752363
4.251445382901566, 1.3925473503897536, 2.5, 1.1361873474637212, 1.3499163209252263, 0.482934771734513, 1.8918407998148665
4.223810013836917, 1.4649984082708154, 2.5, 1.1782580520127282, 1.3431557763551039, 0.43575902520969234, 1.9797765995608432
4.185329426385545, 1.5450923427932897, 2.5, 1.1906040196887022, 1.33243881037519, 0.3894853474676427, 2.0872454818299806
4.130491031197048, 1.6293339186660392, 2.5, 1.0091592458707261, 1.3105853914079435, 0.3458687186045195, 2.2562105594279314
3.999182095497434, 1.7727521618861264, 2.5, 1.0881833242443402, 1.257978703116612, 0.2916806192260006, 2.363021514235624
3.9298833947006475, 1.8272209800119306, 2.5, 1.2611041794664857, 1.2293991076160475, 0.28025721537114934, 2.520687616886127
3.8512504303910324, 1.8785641602155123, 2.5, 1.0365174799361436, 1.1932702562509419, 0.27629539334146747, 2.6123526701830944
3.768803490953973, 1.9214360579725642, 2.5, 0.7433699323943851, 1.1536583044125746, 0.2807569338878009, 2.710134489541433
3.7581290103236786, 1.9214360579725642, 2.5, 0.5370538639436453, 1.1454256679091206, 0.2864756727602706, 2.5634168258148127
3.6581290103236785, 1.9936582804580776, 2.5, 0.5370538639436453, 1.1210088056208405, 0.2757070636681758, 2.516107611620214
3.5581290103236785, 2.0658805029435907, 2.5, 0.5370538639436453, 1.1005548476665175, 0.2589004119356994, 2.516107611620213
3.4581290103236784, 2.1381027254291043, 2.5, 0.5370538639436453, 1.0913753660576948, 0.24091588632191663, 2.5161076116202117
