3.218121904424863455e+00,1.268253832686024296e+01,3.695733770556817177e+00,-2.018227768267387923e+00,1.157008056357036851e+00,1.121948118955045093e+00
3.162834066576160286e+00,1.261208864015301856e+01,3.625706227309525076e+00,-1.824869544374072117e+00,1.169097906542873488e+00,1.120370280479952907e+00
3.095450581045164462e+00,1.255040729106520558e+01,3.555678684062232087e+00,-1.528508578357673509e+00,1.155292464366570293e+00,1.107705015650611857e+00
3.017180726023504622e+00,1.249691484504391426e+01,3.485651140814939541e+00,-1.226231229124221223e+00,1.088410778841763848e+00,1.082433461339298075e+00
2.929233779702825391e+00,1.245103186753626900e+01,3.415623597567646996e+00,-9.642074974987107083e-01,1.026846608481454926e+00,1.052886448062670732e+00
2.832819020274766952e+00,1.241217892398938893e+01,3.345596054320354451e+00,-7.547231105211252844e-01,9.701677284023215719e-01,1.018182254810934273e+00
2.729145725930968602e+00,1.237977657985039137e+01,3.275568511073061906e+00,-5.933085721372494126e-01,9.186779317234915476e-01,9.750462571228752928e-01
2.619423174863077186e+00,1.235324540056639719e+01,3.205540967825769361e+00,-4.703845160662475378e-01,8.748879566033418431e-01,9.343431234238237515e-01
2.504860645262716456e+00,1.233200595158452373e+01,3.135513424578476815e+00,-3.764620256669573006e-01,8.403821182032147341e-01,8.943980570881095993e-01
2.386667415321535479e+00,1.231547879835189185e+01,3.065485881331184270e+00,-3.037385514269629883e-01,8.154786291477678084e-01,8.536121616691029201e-01
2.266052763231172218e+00,1.230308450631561890e+01,2.995458338083891725e+00,-2.459322986198335947e-01,7.984995469520228539e-01,8.235127722242525650e-01
2.144225967183266857e+00,1.229424364092282218e+01,2.925430794836598736e+00,-1.958781236109595481e-01,7.943810219296679742e-01,7.934384629741042527e-01
2.022338129543585161e+00,1.228835532441986444e+01,2.855403251589306191e+00,-1.457897191402127424e-01,8.041782917621882465e-01,7.769398133383315086e-01
1.901129482579060337e+00,1.228466723522088877e+01,2.785375708342013645e+00,-9.287315587951149032e-02,8.193624264308535521e-01,7.625692216375652421e-01
1.781163317206678531e+00,1.228236183240137436e+01,2.715348165094721100e+00,-3.766821123528969056e-02,8.473805025878390351e-01,7.589877116136116708e-01
1.663002233115415285e+00,1.228062132025501718e+01,2.645320621847428555e+00,2.123569398827996474e-02,8.819207797845984853e-01,7.612780088351350782e-01
1.547208829994245027e+00,1.227862790307551144e+01,2.575293078600136010e+00,8.680938837968758814e-02,9.212789143304701556e-01,7.644905324828203952e-01
1.434345707532150627e+00,1.227556378515655844e+01,3.905816400298695257e+00,1.628399222796600987e-01,9.662594366666708012e-01,7.625364023458818252e-01
1.324975465418091858e+00,1.227061117079184882e+01,4.065850128136220931e+00,2.542307904978867161e-01,1.010528316392140136e+00,7.558414316503115904e-01
1.219660703341051811e+00,1.226295226427508744e+01,4.218654735410955148e+00,3.673316059037960435e-01,1.057326650925003220e+00,7.516255091745488448e-01
1.118964020990004915e+00,1.225176926989996140e+01,3.977237509374408564e+00,5.101349854741742407e-01,1.101034260919770968e+00,7.526897970881600841e-01
1.023448018053926933e+00,1.223624439196017200e+01,3.701792480220340575e+00,6.919069606913392789e-01,1.142425706131464880e+00,7.618798225886214137e-01
9.336752942217990681e-01,1.221555983474941698e+01,3.420700867025347147e+00,9.212535081196876474e-01,1.180910065578747892e+00,7.781716414697190665e-01
8.502084491825835366e-01,1.218889780256138522e+01,3.142653079941410521e+00,1.200798038360904263e+00,1.210916763558536946e+00,8.032230079706677017e-01
7.736100826252620966e-01,1.215544049968978157e+01,2.876075548783457947e+00,1.516504227221819656e+00,1.236716195848582611e+00,8.393839508374557612e-01
7.044427942388099551e-01,1.211437013042829669e+01,2.630606091590798723e+00,1.820639539461924139e+00,1.253584295292686113e+00,8.809879422773534419e-01
6.432691837122019862e-01,1.206486889907062832e+01,2.418112960536270784e+00,1.987963839197304905e+00,1.260493490924266657e+00,9.181286816726310640e-01
5.906086506910983580e-01,1.200617941455086601e+01,2.252376086196670624e+00,1.889795068122171129e+00,1.259797466024927370e+00,8.644119584226854780e-01
5.463525222161738082e-01,1.193842249093726693e+01,2.158566535240974638e+00,1.599194646576346246e+00,1.247724564735140040e+00,8.194973248435688529e-01
5.099178394691165073e-01,1.186238211447460955e+01,2.170552953224030190e+00,1.280545639498888333e+00,1.227036476439303359e+00,7.829086281467051434e-01
4.807099634303323432e-01,1.177885860329772960e+01,2.302546099405946567e+00,1.005949479210020314e+00,1.201700378650696788e+00,7.554510275145328579e-01
4.581342550802268709e-01,1.168865227554145392e+01,2.497720082048770163e+00,7.856781657816398479e-01,1.166996208407491631e+00,7.351307702889579021e-01
4.415960753992058674e-01,1.159256344934061644e+01,2.711679601037451537e+00,6.145240130964921832e-01,1.129472046422166809e+00,7.202180644019753331e-01
4.305007853676756646e-01,1.149139244283004935e+01,2.919065962357139554e+00,4.827991776996379825e-01,1.089626081702329996e+00,7.092709730910410348e-01
4.242537459660403742e-01,1.138593957414457769e+01,3.120040928761742993e+00,3.809874613933834642e-01,1.045662615089813396e+00,7.019518284324860469e-01
4.222603181747068279e-01,1.127700516141903542e+01,3.314266738525973199e+00,3.012147554676066208e-01,1.005417246343513371e+00,6.985103970509883853e-01
4.239258629740806361e-01,1.116538952278825292e+01,3.501207555356776080e+00,2.373735446450392916e-01,9.613166152673219278e-01,6.992168996920568036e-01
4.286557413445675757e-01,1.105189297638706059e+01,3.650256172019171963e+00,1.848070268264673244e-01,9.244925735611361217e-01,7.043296899821256396e-01
4.358553142665727020e-01,1.093731584035029947e+01,3.504923177311371152e+00,1.399129643717674509e-01,8.867947733893988271e-01,7.140727738101567690e-01
4.449299427205027913e-01,1.082245843281278042e+01,3.340881014904797830e+00,9.977886701265967218e-02,8.566948006483632305e-01,7.285237115170709599e-01
4.552849876867632317e-01,1.070812107190934626e+01,3.173031453141113900e+00,6.218567022328556904e-02,8.313410030047889698e-01,7.468114944943946565e-01
4.663258101457596894e-01,1.059510407577482560e+01,3.027178578909075046e+00,3.160562681873620855e-02,8.103314808597216201e-01,7.675253371714415573e-01
4.774771073609179739e-01,1.048418331580567653e+01,2.942697518710103211e+00,1.940956642202367952e-02,7.975394951277248179e-01,7.892282194779856042e-01
4.885471615845719540e-01,1.037564969936159720e+01,2.934890003445570272e+00,2.671321556060644517e-02,7.895697567484529777e-01,8.109058258462044089e-01
4.996966613086287756e-01,1.026934858885797830e+01,2.982426253498928759e+00,4.204865904806918964e-02,7.847461751876546598e-01,8.319669441382162578e-01
5.110993815056057432e-01,1.016510880155686714e+01,3.058604107618953183e+00,5.882133179392521477e-02,7.856998289469584451e-01,8.514919769485783663e-01
5.229290971480210493e-01,1.006275915472030569e+01,3.165584967852635767e+00,7.662415579402839794e-02,7.912471226083940268e-01,8.669923303808894088e-01
5.353595832083930528e-01,9.962128465610341266e+00,3.298944656186798774e+00,9.523785205004708931e-02,7.957810951985544445e-01,8.797283995649908261e-01
5.485646146592390027e-01,9.863045551489024731e+00,3.453802741886036642e+00,1.143870755161730118e-01,8.038604570592706722e-01,8.852470483672251200e-01
5.627179664730790343e-01,9.765339229618385630e+00,3.617505486664850167e+00,1.337422490655950924e-01,8.146835103296529157e-01,8.821879842748616696e-01
5.779934136224306185e-01,9.668838317260473048e+00,3.776622018060619812e+00,1.529253457626272295e-01,8.259489862901825408e-01,8.746339233610413988e-01
5.945647310798117813e-01,9.573371631677332516e+00,3.931561727022025998e+00,1.715202391526175763e-01,8.362510865007082295e-01,8.654249830704162649e-01
6.126056938177408817e-01,9.478767990131007792e+00,4.082487232268729116e+00,1.890878664368262074e-01,8.480294491862614414e-01,8.556025211060882540e-01
6.322900768087349466e-01,9.384856209883547962e+00,4.229395949361642870e+00,2.051858882250060800e-01,8.612199192757097332e-01,8.475605641434754700e-01
6.537916550253146664e-01,9.291465108196987899e+00,4.372176827396517140e+00,2.193918275775025850e-01,8.737117267840236456e-01,8.409561763056685457e-01
6.772842034399972899e-01,9.198423502333374913e+00,4.510649845454572926e+00,2.312490184717250763e-01,8.855118749406127865e-01,8.370540809488503653e-01
7.029414970253007322e-01,9.105560209554754536e+00,4.644585559096478633e+00,2.354888199219499489e-01,8.986579635591290804e-01,8.361856070903292970e-01
7.309340739795183728e-01,9.012704873486583779e+00,4.773739196462634560e+00,2.204912489239050644e-01,9.131119123298577778e-01,8.386617672115900257e-01
7.612269693025892625e-01,8.919739603670247874e+00,4.898053697242499283e+00,1.854743442155136757e-01,9.257933316163965420e-01,8.446064956032108828e-01
7.934600168019756428e-01,8.826629535013926997e+00,5.017802311786484282e+00,1.436997413913930766e-01,9.397451971007536597e-01,8.538512473704736871e-01
8.272442814790019749e-01,8.733347147234930219e+00,5.133424186403539480e+00,1.031940195946520061e-01,9.561010739496555999e-01,8.661602858535617511e-01
8.621908283349940527e-01,8.639864920050557728e+00,5.245317421381568757e+00,6.426556838766951663e-02,9.746311241635527978e-01,8.810053396161290351e-01
8.979107223712786690e-01,8.546155333178116820e+00,5.353831168351562475e+00,2.653947077728673054e-02,9.932382481091043269e-01,8.971055730260008021e-01
9.340150285891796189e-01,8.452190866334907682e+00,5.459280207658967932e+00,-1.037212613316517915e-02,1.015583851412141136e+00,9.140654482543008053e-01
9.701148119900288025e-01,8.357943999238226951e+00,5.561950335254549849e+00,-4.685244063010723242e-02,1.042099780590220792e+00,9.319141229794694059e-01
1.005821137575149349e+00,8.263387211605381921e+00,5.662102747879581344e+00,-8.326549107839240071e-02,1.069936313106619075e+00,9.500010365440848537e-01
1.040745070345867829e+00,8.168492983153674558e+00,5.759977646277675944e+00,-1.199420412551935461e-01,1.101795607535199117e+00,9.676946584581463950e-01
1.074497675303510702e+00,8.073233793600403274e+00,5.855797219453502400e+00,-1.571638651277571797e-01,1.138600414300857455e+00,9.845395200519178047e-01
1.106690017449402541e+00,7.977582122662882469e+00,5.949768132628435957e+00,-1.951444579429092441e-01,1.177618148845102963e+00,1.000176181921305085e+00
1.136933161784873692e+00,7.881510450058398121e+00,6.042083612213158261e+00,-2.340047486396612253e-01,1.220122860760400885e+00,1.014246418069089106e+00
1.164838173311248726e+00,7.784991255504259300e+00,6.132925199314049003e+00,-2.737430681842834002e-01,1.266693042061498353e+00,1.026392155873772749e+00
1.190016117029853771e+00,7.687997018717768860e+00,6.222464226097510931e+00,-3.138903400236513486e-01,1.316749451387462688e+00,1.036255446028665705e+00
1.212078057942014953e+00,7.590500219416229655e+00,6.310866709801942420e+00,-3.470597483057218380e-01,1.368882309354929383e+00,1.043517768589278250e+00
1.230647351544833956e+00,7.492475259532276333e+00,6.335833501422580838e+00,-3.596348935338983810e-01,1.423788819405456429e+00,1.048363795234207307e+00
1.245612050172527185e+00,7.393937939191570941e+00,6.190074353737808899e+00,-3.513499636695828765e-01,1.481077385584576245e+00,1.051579341955475755e+00
1.257115281088568848e+00,7.294943951860721754e+00,6.033286182709642453e+00,-3.352572346229406586e-01,1.539525178405469097e+00,1.052194078588712722e+00
1.265310536843500255e+00,7.195550612121867751e+00,5.870666119065418798e+00,-3.183957823858100111e-01,1.518706426268419118e+00,1.051462062977700063e+00
1.270351309987862942e+00,7.095815234557143469e+00,5.706277008075452351e+00,-3.012778876571896025e-01,1.473608646812032630e+00,1.051409870613537967e+00
1.272391093072198665e+00,6.995795133748690553e+00,5.543239032094811058e+00,-2.841126587508421286e-01,1.431625209433721180e+00,1.051962572199617085e+00
1.271583378647048956e+00,6.895547624278636434e+00,5.384096374536839313e+00,-2.670699211791809358e-01,1.393649742514978529e+00,1.050864189426537365e+00
1.268081659262955352e+00,6.795130020729119202e+00,5.231007049666119180e+00,-2.502819506501277047e-01,1.359003798993397627e+00,1.052191798789971600e+00
1.262039427470459163e+00,6.694599637682280502e+00,5.085873888877471494e+00,-2.338464689687670406e-01,1.326872156940676728e+00,1.054402515644967675e+00
1.253610175820102368e+00,6.594013789720253982e+00,4.950436922762583514e+00,-2.178303430717184741e-01,1.298544774935295854e+00,1.054723220153935381e+00
1.242947396862426945e+00,6.493429791425183950e+00,4.826338593531541932e+00,-2.022735445290100020e-01,1.273724220920265271e+00,1.055026928632977867e+00
1.230204583147973096e+00,6.392904957379193398e+00,4.715170732289906574e+00,-1.871930446827693439e-01,1.252117766365479223e+00,1.053874819658454420e+00
1.215535227227282800e+00,6.292496602164424857e+00,4.618516227822934361e+00,-1.725864255197765984e-01,1.233437567917022637e+00,1.049272753191763607e+00
1.199092821650898255e+00,6.192262040363016418e+00,4.538019869661713557e+00,-1.584109889870175814e-01,1.216756185599657591e+00,1.038907371032923743e+00
1.181030858969360553e+00,6.092258586557102618e+00,4.475688159079223460e+00,-1.440590709019438087e-01,1.202398930529350318e+00,1.026725901511433614e+00
1.161503617793347320e+00,5.992542261909943768e+00,4.441869917451674254e+00,-1.283440317446388479e-01,1.190379920393821234e+00,1.014749466731484917e+00
1.140682968009842035e+00,5.893140142103382217e+00,4.438099550788061620e+00,-1.111017801680713735e-01,1.180397629339073218e+00,1.002897021061820215e+00
1.118758103810240323e+00,5.794050796625531241e+00,4.486542062600394232e+00,-9.332207059926041215e-02,1.172128803667199071e+00,9.921393613404815293e-01
1.095918952047775896e+00,5.695271589409573565e+00,4.489830427522075063e+00,-7.554875228139255883e-02,1.165252153352045461e+00,9.858857207682093504e-01
1.072355439575684022e+00,5.596799884388703461e+00,4.391876322219223638e+00,-5.776582435736692805e-02,1.159365961166462844e+00,9.817287486383418083e-01
1.048257493247196637e+00,5.498633045496097438e+00,4.270878652494765504e+00,-3.992209109960225683e-02,1.153104312971157785e+00,9.806179732685291750e-01
1.023815039915550118e+00,5.400768436664950656e+00,4.133331239071300622e+00,-2.195684446010904081e-02,1.145322608449064861e+00,9.833706224886559211e-01
9.992180064339765133e-01,5.303203421828442288e+00,3.983728209185684932e+00,-3.801877780348749975e-03,1.136013468030314666e+00,9.875096877056679379e-01
9.746563196557106457e-01,5.205935364919761277e+00,3.825668915169845086e+00,1.461656300302130798e-02,1.122811366600662053e+00,9.905588621842070784e-01
9.503199064339875601e-01,5.108961629872100119e+00,3.662383191291744833e+00,3.337579282344026871e-02,1.105479834045723919e+00,9.874645061147313552e-01
9.263986936220394153e-01,5.012279580618637986e+00,3.497056684159042916e+00,5.255454911511715788e-02,1.084168673837772268e+00,9.639391970788914188e-01
9.030826080731022554e-01,4.915886581092564711e+00,3.333080565711781240e+00,7.223056841478790735e-02,1.057160274069131045e+00,9.369318217447525354e-01
8.805615766404084610e-01,4.819779995227064795e+00,3.174284924566871169e+00,9.247773041817004824e-02,1.027389140945766499e+00,9.117025136887757508e-01
8.590255261771929662e-01,4.723957186955326293e+00,3.025214263350270549e+00,1.133619372060653829e-01,9.968940295771461235e-01,8.882710782857028420e-01
8.386643835366901500e-01,4.628415520210538148e+00,2.891616287947084363e+00,1.340863447549218157e-01,9.630718264904251091e-01,8.682127573498336082e-01
8.196680420951224511e-01,4.533152327061698017e+00,2.786378018344630281e+00,1.510610975872128670e-01,9.310591587997426588e-01,8.540156902512781034e-01
8.021853529790764492e-01,4.438125874627004919e+00,2.755984695278579366e+00,1.612482112063704232e-01,9.004362990512801979e-01,8.442120694908130663e-01
7.862442601512719120e-01,4.343179347823977743e+00,2.783017450340778964e+00,1.667869624460529276e-01,8.683937092573373873e-01,8.359050740468362273e-01
7.718505534949977598e-01,4.248134844811229271e+00,2.887860757985398319e+00,1.705322507505747653e-01,8.418159086186985940e-01,8.311048440505987012e-01
7.590100228935423576e-01,4.152814463747375839e+00,3.026393321101061851e+00,1.728911421782454438e-01,8.125161702671904740e-01,8.284967089207146973e-01
7.477284582301929605e-01,4.057040302791021347e+00,3.189894099712089037e+00,1.738220333330124379e-01,7.912013279060583493e-01,8.267613966709483897e-01
7.380116493882382667e-01,3.960634460100785681e+00,3.359649834990818373e+00,1.733248428621148585e-01,7.684388913201071203e-01,8.242318679346877230e-01
7.298653862509659751e-01,3.863419033835272742e+00,3.525063504998678710e+00,1.714404984431538714e-01,7.544280152428484154e-01,8.185756496812083283e-01
7.232954587016643400e-01,3.765216122153098866e+00,3.686643396535859818e+00,1.682480060154750434e-01,7.433568174531047790e-01,8.120352977520353122e-01
7.183076566236215044e-01,3.665847823212878609e+00,3.844588306801748345e+00,1.638594111982558110e-01,7.393148464957196575e-01,8.048042425915112874e-01
7.149077699001253894e-01,3.565136235173217205e+00,3.998897340001948741e+00,1.584131566498515331e-01,7.464082861027734328e-01,7.970790682783801540e-01
7.131015884144640271e-01,3.462903456192733209e+00,4.149444160002364157e+00,1.520664589718336568e-01,7.549292880678142303e-01,7.886193537321503078e-01
7.128949020499257827e-01,3.358971584430031410e+00,4.296027032493487496e+00,1.449873632698220616e-01,7.758322880067616278e-01,7.792328805585234663e-01
7.142935006897986883e-01,3.253162718043727697e+00,4.438402651595488635e+00,1.373475739112828276e-01,8.088739758195836460e-01,7.707874857725938167e-01
7.173031742173703318e-01,3.145298955192437962e+00,4.576309337343768213e+00,1.310696745720317802e-01,8.442985469907563489e-01,7.638702050512987674e-01
7.219297335527361525e-01,3.035202452189106115e+00,4.709473559477741489e+00,1.338261605911600927e-01,8.904949102900453495e-01,7.590954269574433644e-01
7.282551216107344683e-01,2.922905825330962770e+00,4.837657381892379149e+00,1.513840184581173309e-01,9.472557668258205776e-01,7.572016964959463747e-01
7.366086409233296717e-01,2.809125494108654308e+00,4.960858446440099101e+00,1.790157956360180214e-01,1.012845811775942018e+00,7.591519422312453802e-01
7.473697446930532839e-01,2.694716514986351896e+00,5.079488632398262205e+00,2.115886859274397624e-01,1.078154117096027598e+00,7.657978866217385328e-01
7.609178861224359380e-01,2.580533944428224924e+00,5.194006687816036916e+00,2.496705632144996523e-01,1.148685083051784517e+00,7.779169241529588774e-01
7.776325184140095992e-01,2.467432838898431680e+00,5.304815011286843962e+00,2.952821530036318642e-01,1.223129829086218923e+00,7.962179519242211789e-01
7.978930947703046783e-01,2.356268254861145994e+00,5.412270192816279746e+00,3.508930051710382192e-01,1.299738862060500377e+00,8.213513694520858666e-01
8.220790683938538068e-01,2.247895248780526156e+00,5.516692475465786671e+00,4.195516209027938537e-01,1.376256976407970178e+00,8.526268446519594812e-01
8.505698924871875066e-01,2.143168877120741556e+00,5.618372168579193193e+00,5.049549182137182957e-01,1.446927637972410086e+00,8.897650511463814915e-01
8.837450202528360776e-01,2.042944196345961583e+00,5.717574997618312338e+00,6.113417849361865164e-01,1.515839763263292506e+00,9.343686506400847858e-01
9.219839048933329284e-01,1.948076262920345858e+00,5.814546611985848656e+00,7.429666172815100333e-01,1.581727914870293628e+00,9.863013425115507715e-01
9.656659996112066935e-01,1.859420133308066436e+00,5.909516411673214620e+00,9.027138344528745639e-01,1.643446273277000991e+00,1.042968189475163676e+00
1.015170757608991670e+00,1.777830863973283160e+00,6.002700809920499481e+00,1.089250614281648488e+00,1.699962435461110477e+00,1.105240252857567773e+00
1.070877632089217935e+00,1.704163511380165197e+00,6.094306017581963886e+00,1.292394050673162376e+00,1.745472390247247541e+00,1.174026772473393043e+00
1.133166076254414234e+00,1.639273131992880828e+00,6.184530411803693006e+00,1.487982903859017769e+00,1.784074534416811852e+00,1.246764035732051301e+00
1.202415543307116197e+00,1.584014782275591005e+00,6.273570486060505047e+00,1.623721277145494080e+00,1.815057198771854452e+00,1.325414809713089559e+00
1.279005288961281295e+00,1.539243340159856643e+00,6.361622239304617565e+00,1.612461425518051605e+00,1.837802109197760547e+00,1.409949902659163312e+00
1.362995697839860965e+00,1.505525419359890815e+00,6.448775080838334617e+00,1.446860327038320460e+00,1.851328135093441629e+00,1.498913356512238337e+00
1.453480314760783765e+00,1.482553596000616425e+00,6.535125161972153762e+00,1.233794703694645278e+00,1.852926520748964245e+00,1.592017888428598926e+00
1.549370130374735144e+00,1.469855414519778192e+00,6.620694460203654153e+00,1.045308309445265760e+00,1.848231673138943654e+00,1.688648939486252276e+00
1.649576135332411653e+00,1.466958419355121057e+00,6.705485305955000364e+00,8.940213279849287265e-01,1.838407045920464444e+00,1.787292012893691107e+00
1.753009320284494965e+00,1.473390154944389296e+00,6.789498447621657995e+00,7.779774449106154899e-01,1.824553947666164300e+00,1.886981098867534623e+00
1.858580675881682298e+00,1.488678165725328517e+00,6.872728636508444566e+00,6.923893184121823197e-01,1.802859351461087556e+00,1.817038004119964079e+00
1.965201192774658656e+00,1.512349996135682995e+00,6.955166271065256645e+00,6.323380416075431443e-01,1.777770723182071633e+00,1.721649250597520497e+00
2.071781861614110376e+00,1.543933190613196560e+00,7.036798886346260495e+00,5.938413316673912812e-01,1.751226192983228680e+00,1.630684844789478394e+00
2.177233673050734009e+00,1.582955293595616153e+00,7.117612505362890474e+00,5.741543614161145337e-01,1.723901010969550285e+00,1.543510319999850777e+00
2.280467617735210339e+00,1.628943849520684051e+00,7.197592874471396840e+00,5.717824893515505158e-01,1.695256644956155467e+00,1.462408897626525039e+00
2.380394686318238140e+00,1.681426402826148303e+00,7.276726603401345805e+00,5.864261922165443508e-01,1.661781943548156448e+00,1.390189880826737889e+00
2.475925869450500638e+00,1.739930497949752075e+00,7.355002228799233599e+00,6.189386414416844229e-01,1.628424114115657684e+00,1.324952888302192378e+00
2.565972157782685947e+00,1.803983679329238088e+00,7.432411217323189767e+00,6.712962763541239219e-01,1.595138887265806327e+00,1.268703256446122696e+00
2.649444541965489730e+00,1.873113491402355058e+00,7.508948942710767405e+00,7.419739433368813808e-01,1.561663090562728895e+00,1.220694250831507954e+00
2.725254052881903810e+00,1.946847481900710441e+00,7.584620014616930028e+00,8.067067870861339696e-01,1.527517076663998496e+00,1.177527237948077676e+00
2.792654193169846977e+00,2.024741237125210258e+00,7.639454497698323188e+00,8.253301282751209778e-01,1.487219317090411996e+00,1.139651774376142512e+00
2.852072789104618256e+00,2.106446486647556071e+00,7.693708805652193838e+00,7.948605155934214128e-01,1.445365951281323280e+00,1.108205648258950182e+00
2.904189168042274893e+00,2.191635550731608983e+00,7.767281580427169096e+00,7.385821096749263237e-01,1.402479987535829364e+00,1.082378726620659926e+00
2.949682657338879466e+00,2.279980749641238980e+00,7.840123283926383024e+00,6.672423167996807125e-01,1.358958739924563508e+00,1.061859009577918345e+00
2.989232584350487887e+00,2.371154403640305386e+00,7.912267917378117410e+00,5.872015003542465639e-01,1.315388243986767236e+00,1.046951167505135505e+00
3.023518276433162288e+00,2.464828832992678631e+00,7.983745771205387420e+00,5.037521048766517850e-01,1.269156539751938428e+00,1.037013997297066892e+00
3.053219060942960361e+00,2.560676357962219374e+00,8.054582476204618757e+00,4.206401096213875923e-01,1.222052719491143025e+00,1.031399457720424184e+00
3.079014265235939796e+00,2.658369298812789605e+00,8.124799863458758153e+00,3.400773363003652405e-01,1.177411152004703032e+00,1.029462305320094417e+00
3.101583216668162279e+00,2.757579975808260198e+00,8.194416775978428547e+00,2.630123233873153388e-01,1.136478410271229089e+00,1.030559066262102474e+00
3.121605242595685947e+00,2.857980709212488257e+00,8.263449834648714187e+00,1.894719683361485718e-01,1.096934611805105098e+00,1.034047746081097729e+00
3.139759670374569822e+00,2.959243819289345989e+00,8.331914161023608045e+00,1.188694669366893858e-01,1.059863438435610039e+00,1.039375611470977789e+00
3.156725827360872927e+00,3.061041626302693608e+00,8.399824060167789597e+00,5.024189676092492146e-02,1.030454419834919921e+00,1.046165874716751265e+00
3.173183040910653396e+00,3.163046450516392660e+00,8.467193666754118553e+00,-1.757971243335222297e-02,1.004582247114810922e+00,1.054061119977329986e+00
3.189810638379972918e+00,3.264930612194314019e+00,8.534037556714759276e+00,-8.579825282041997347e-02,9.852936714729826351e-01,1.062702285861603313e+00
3.207287947124888738e+00,3.366366431600316123e+00,8.600372703077134418e+00,-1.489745664849934370e-01,9.734371094655909218e-01,1.071728680004219170e+00
3.226292345443529719e+00,3.467027176295512714e+00,8.666218071687760371e+00,-1.875582583738172049e-01,9.673233339278751730e-01,1.080780305052105428e+00
3.247240465854707381e+00,3.566712843659621601e+00,8.731562261359862021e+00,-1.916567843349804012e-01,9.682650036321626130e-01,1.089625014690983384e+00
3.270028550314020954e+00,3.665476355594689206e+00,8.796426998553391385e+00,-1.783166863233554555e-01,9.760165069468288435e-01,1.096955065676065155e+00
3.294491052290231980e+00,3.763400664953800767e+00,8.860826427631899094e+00,-1.625554294597560401e-01,9.861965508201424591e-01,1.103651107305644530e+00
3.320462425252098448e+00,3.860568724590027756e+00,8.924771562180099593e+00,-1.461218366456722983e-01,1.002810583978139602e+00,1.109877258892776553e+00
3.347777122668380567e+00,3.957063487356455855e+00,8.988273673790613927e+00,-1.291352777898599757e-01,1.021466760681732477e+00,1.115410480367802215e+00
3.376269598007838102e+00,4.052967906106161422e+00,9.051342743454698692e+00,-1.117021544369956737e-01,1.041360130516243876e+00,1.120027903209702247e+00
3.405774304739229041e+00,4.148364933692218592e+00,9.113987584490455873e+00,-9.391561449472320133e-02,1.063576912812450592e+00,1.123506734883870761e+00
3.436125696331315815e+00,4.243337522967713049e+00,9.176215960007573003e+00,-7.585607833271883205e-02,1.086046265439536196e+00,1.125657272274225518e+00
3.467158226252855080e+00,4.337968626785716708e+00,9.238034694728895602e+00,-5.759242409444305377e-02,1.106493634577876417e+00,1.126593733301723743e+00
3.498706347972607933e+00,4.432341197999314808e+00,9.299449781497408196e+00,-3.918368603402318240e-02,1.122912189884248901e+00,1.126593869822379634e+00
3.530604514959334583e+00,4.526538189461584594e+00,9.360466482792823228e+00,-2.068113405508937089e-02,1.131820022474985921e+00,1.125936991459549397e+00
3.562687180681791688e+00,4.620642554025598869e+00,9.421089427576989195e+00,-2.130620279956812243e-03,1.135584243217105271e+00,1.124902383482931256e+00
3.594788798608742120e+00,4.714737244544444650e+00,9.481322703781552619e+00,1.642490465987772250e-02,1.133864556560102432e+00,1.123769303227621030e+00
3.626743822208942536e+00,4.808905213871192075e+00,9.541169932629516737e+00,3.475230585575274367e-02,1.129621865095438160e+00,1.122816173919077842e+00
3.658386704951155810e+00,4.903229414858930824e+00,9.600633981642078041e+00,4.953081576886262521e-02,1.122275931995933229e+00,1.122291775455134033e+00
3.689558706130037002e+00,4.997789392270622244e+00,9.659719469977655848e+00,5.536642908444962263e-02,1.113765744408570235e+00,1.122399765082525480e+00
3.720211607364117601e+00,5.092609345633470674e+00,9.718434205921893110e+00,5.303234690634789361e-02,1.105034580982089620e+00,1.123218682571959670e+00
3.750386944616100227e+00,5.187668529026890241e+00,9.776786363940010105e+00,4.808366793485235879e-02,1.096832778696415822e+00,1.124727449955156944e+00
3.780128849588491491e+00,5.282944896685807024e+00,9.834782955562328510e+00,4.309369376706585070e-02,1.089832854878681978e+00,1.126902123924106824e+00
3.809481453983804222e+00,5.378416402845160427e+00,9.892430823343691060e+00,3.813276960922025449e-02,1.082826127814005446e+00,1.129718752198375364e+00
3.838488889504545476e+00,5.474061001739880084e+00,9.949736620602928738e+00,3.319864464080562322e-02,1.077461710705014619e+00,1.133106506986734763e+00
3.867195287853224084e+00,5.569856647604894739e+00,1.000670681223944136e+01,2.828868771492035195e-02,1.073626304554867739e+00,1.136848892586298287e+00
3.895644780732351986e+00,5.665781294675149127e+00,1.006334768227225496e+01,2.339994292836150569e-02,1.071166366744944920e+00,1.140701209908379976e+00
3.923881499844435350e+00,5.761812897185564886e+00,1.011966534098786319e+01,1.852918249203295772e-02,1.069931071167848247e+00,1.144418765010752681e+00
3.951949576891987004e+00,5.857929409371084972e+00,1.017566573171764865e+01,1.367295719524248485e-02,1.069771550276195082e+00,1.147756868368151162e+00
3.979893143577514447e+00,5.954108785466636355e+00,1.023135463726169370e+01,8.827644808414889660e-03,1.070540206600970157e+00,1.150470834170617351e+00
4.007756331603526512e+00,6.050328979707152222e+00,1.028673768596944349e+01,3.989496808923177935e-03,1.071762766708663772e+00,1.152354358818729274e+00
4.035583272672534250e+00,6.146567946327570198e+00,1.034182035747614670e+01,-8.453161562069964842e-04,1.073188687757156368e+00,1.153914410179506689e+00
4.063418098487045604e+00,6.242803639562818141e+00,1.039660798806925790e+01,-5.680659636378767620e-03,1.075267821114001654e+00,1.155763318696862108e+00
4.091304940749571628e+00,6.339014013647836343e+00,1.045110578236274712e+01,-1.032514463323985776e-02,1.077864727193975636e+00,1.158641406604896229e+00
4.119287931162621597e+00,6.435177022817553549e+00,1.050531882488830959e+01,-1.358964193960430361e-02,1.080843447925857070e+00,1.163257542806988232e+00
4.147404067986668608e+00,6.531274151783620141e+00,1.055925171246263616e+01,-1.435226650251761674e-02,1.084059569119931732e+00,1.170328506220311038e+00
4.175653953583051248e+00,6.627304898283386869e+00,1.061290898390702964e+01,-1.348196612847449294e-02,1.087328372570586676e+00,1.180010066437175764e+00
4.204026612521625239e+00,6.723274490124342861e+00,1.066629554135803559e+01,-1.229152243372439411e-02,1.090480294755826307e+00,1.190070209856272099e+00
4.232511064523592381e+00,6.819188157513684345e+00,1.064762739501956368e+01,-1.109865471288545846e-02,1.093537793668429403e+00,1.202968059492838027e+00
4.261096329310155362e+00,6.915051130658596890e+00,1.055509973373356836e+01,-9.903725832609139995e-03,1.096603300779412038e+00,1.217107013530138948e+00
4.289771426602515980e+00,7.010868639766263399e+00,1.046178349162418364e+01,-8.706959354480500735e-03,1.099779788960011828e+00,1.230816548763083773e+00
4.318525376121879589e+00,7.106645915043879214e+00,1.036766974589698442e+01,-7.508573188084650442e-03,1.103170434996154636e+00,1.241497702543628234e+00
4.347347197589446210e+00,7.202388186698625461e+00,1.027274721763571996e+01,-6.308780254960968947e-03,1.106878551373013053e+00,1.236033155911082648e+00
4.376225910726420310e+00,7.298100684937697480e+00,1.017700228327094081e+01,-5.107789163785648838e-03,1.111007530573750346e+00,1.221610002952459917e+00
4.405150535254005462e+00,7.393788639968279064e+00,1.008041892706318521e+01,-3.905804895680588858e-03,1.115660801539311464e+00,1.205323690245516222e+00
4.434110090893401690e+00,7.489457281997556670e+00,9.982978678726954769e+00,-2.703029497930966880e-03,1.120941798105138387e+00,1.189660809109691630e+00
4.463093597365815235e+00,7.585111841232724750e+00,9.884660541526304911e+00,-1.499662784012121847e-03,1.126953939303853458e+00,1.174493082846658876e+00
4.492090074392445231e+00,7.680757547880963543e+00,9.785440911469370562e+00,-2.959030391903270658e-04,1.133800621403769693e+00,1.162165967565495617e+00
4.521088541694497032e+00,7.776399632149468388e+00,9.685293493972761070e+00,9.072216449354105709e-04,1.141585221447413590e+00,1.152924393766193489e+00
4.550078018993173323e+00,7.872043324245423968e+00,9.584206285904087963e+00,2.016354537342512649e-03,1.150404898716997248e+00,1.145365979351296692e+00
4.579047557094804155e+00,7.967693842526753834e+00,9.482101356546031923e+00,2.764760976578555223e-03,1.160181624347518925e+00,1.138943271771734933e+00
4.607989662123737062e+00,8.063355088227647016e+00,9.378555285462729429e+00,3.050970004706427159e-03,1.170495220503890321e+00,1.135116551175371358e+00
4.636903392361745091e+00,8.159028464982313267e+00,9.273373325321164984e+00,3.122897496201911937e-03,1.180875981172501810e+00,1.133623723643048642e+00
4.665788537221509991e+00,8.254715097727068240e+00,9.166738641419387434e+00,3.175151578653911434e-03,1.191665026084125500e+00,1.134201904550560913e+00
4.694644886115711735e+00,8.350416111398226704e+00,9.058817449587690973e+00,3.227261329123535648e-03,1.202593096370020653e+00,1.135485194209922444e+00
4.723472228457025857e+00,8.446132630932096319e+00,8.949750893866493584e+00,3.279221923251226037e-03,1.213390761776563131e+00,1.137873258829672496e+00
4.752270353658136770e+00,8.541865781265004287e+00,8.839661987896155537e+00,3.331028555572724745e-03,1.223737768221853539e+00,1.141523776170705773e+00
4.781039051131719120e+00,8.637616687333254717e+00,8.728656824549680948e+00,3.382676440307447012e-03,1.232604819826424558e+00,1.145755158994828715e+00
4.809778110290455544e+00,8.733386474073167705e+00,8.616825523474194171e+00,3.434160812401971553e-03,1.240252779533478789e+00,1.149883200714489684e+00
4.838487320547024240e+00,8.829176266421052688e+00,8.504242947250569173e+00,3.485476928555057436e-03,1.246409358773152176e+00,1.153223669325430079e+00
4.867166471314106069e+00,8.924987189313224434e+00,8.390969207558153897e+00,3.536620067789557689e-03,1.250802281189958398e+00,1.153297599412871577e+00
4.895815352004378340e+00,9.020820367686004815e+00,8.277049976144567722e+00,3.587585532439672553e-03,1.251767555499651907e+00,1.150655522599981939e+00
4.924433752030521916e+00,9.116676926475701492e+00,8.162516610382928306e+00,3.638368649583874001e-03,1.249957190096250503e+00,1.146310733863155962e+00
4.953021460805214993e+00,9.212557990618625681e+00,8.047386099591188113e+00,3.688964771551239436e-03,1.246347730542422649e+00,1.140940140069272468e+00
4.981578267741138433e+00,9.308464685051099252e+00,7.931669351058503459e+00,3.794595339927370973e-03,1.241053049552626408e+00,1.135220650688490318e+00
5.010103962250969545e+00,9.404398134709431645e+00,7.815618350120417723e+00,4.842224498268889697e-03,1.233345369010306447e+00,1.129829177026888898e+00
5.038596131192929484e+00,9.500359819840927145e+00,7.697707853038600945e+00,8.250553278440974150e-03,1.224675177418278471e+00,1.125443851484436708e+00
5.067019176811728975e+00,9.596356573957901759e+00,7.574473156469755608e+00,1.379223890103650242e-02,1.215215221617215624e+00,1.122393466209601565e+00
5.095311838721962694e+00,9.692399370408745440e+00,7.445894191867258982e+00,2.001192108001592293e-02,1.205112979925624828e+00,1.120073767591104552e+00
5.123412189609799050e+00,9.788499290129204056e+00,7.313704776608360270e+00,2.625328433764636052e-02,1.194515287708660667e+00,1.117733443466748966e+00
5.151258302161405567e+00,9.884667414055014589e+00,7.179206546142624212e+00,3.250278248819209875e-02,1.183568992172250978e+00,1.114621189336710616e+00
5.178788249062949767e+00,9.980914823121926460e+00,7.043480858748598195e+00,3.876312708738375440e-02,1.172420949818130831e+00,1.108770517161989488e+00
5.205940103000600061e+00,1.007725259826567488e+01,6.907426433898101514e+00,4.503646611593698640e-02,1.161217325838055370e+00,1.098709958680156751e+00
5.232651936660522196e+00,1.017369182042199860e+01,6.771777436721042598e+00,5.132427233815523016e-02,1.150074547691390059e+00,1.086912369587252458e+00
5.258861822728888136e+00,1.027024357052665238e+01,6.637113217039080304e+00,5.762722898165791724e-02,1.139068810778396834e+00,1.074787611076960525e+00
5.284507833891860962e+00,1.036691892951536254e+01,6.503860778607883475e+00,6.394511283455189821e-02,1.128273429825082275e+00,1.063745473184862789e+00
5.309528042835611750e+00,1.046372897832388382e+01,6.372290279058533180e+00,7.027667515277304100e-02,1.117758040822180332e+00,1.055195668477195259e+00
5.333860522246307134e+00,1.056068479788794789e+01,6.242503502514793468e+00,7.661952111639963592e-02,1.106474137013615300e+00,1.050547856881591358e+00
5.357443344810115526e+00,1.065779746914330062e+01,6.114415272727018014e+00,8.296998897041450716e-02,1.095480295630590462e+00,1.048540828157741522e+00
5.380214583213204449e+00,1.075507807302568608e+01,5.987728283227720993e+00,8.932262949798931706e-02,1.084850331187087846e+00,1.049397419988843616e+00
5.402112310141740537e+00,1.085253769047083949e+01,5.862276505232927093e+00,9.444949902458434077e-02,1.074658062593317087e+00,1.045562928237976141e+00
5.423074614048744024e+00,1.095018739956423026e+01,5.738326224813625309e+00,9.320031827391589418e-02,1.064977326817366565e+00,1.038651300495215368e+00
5.443087562925811085e+00,1.104802960479741358e+01,5.597309536514343264e+00,8.208055014349842360e-02,1.055930252923355850e+00,1.033623818782616999e+00
5.462291079319061105e+00,1.114603889730726038e+01,5.427600477238616605e+00,6.545338080598410435e-02,1.047793790738924313e+00,1.030796415105097008e+00
5.480855862116762900e+00,1.124418430457785689e+01,5.239593376906388933e+00,4.803965366582815116e-02,1.039495243107072975e+00,1.030453773704302245e+00
5.498952610207182623e+00,1.134243485409328578e+01,5.042418240482199110e+00,3.063559635022048214e-02,1.032063541700854792e+00,1.032387460706508220e+00
5.516752022478590867e+00,1.144075957333763860e+01,4.841964612264624712e+00,1.324710844692067631e-02,1.026330671954273743e+00,1.035119057217297911e+00
5.534424797819255559e+00,1.153912748979499803e+01,4.642645904779507227e+00,-4.124079599681142530e-03,1.022566096524776702e+00,1.040548997930415887e+00
5.552141635117442853e+00,1.163750763094944496e+01,4.448045457882531473e+00,-2.147803722854937578e-02,1.020669467992519008e+00,1.047820842157793919e+00
5.570073233261423340e+00,1.173586902428507273e+01,4.261320051821828159e+00,-3.881427592763719153e-02,1.020342365361945669e+00,1.055772342089483562e+00
5.588390291139463173e+00,1.183418069728595867e+01,4.085466976494286584e+00,-5.612940429351562927e-02,1.021284469066933598e+00,1.063241063302776235e+00
5.607263507639832945e+00,1.193241167743619435e+01,3.923496416177539192e+00,-7.341479901884934156e-02,1.022846468469088110e+00,1.069064529350964854e+00
5.626863581650797030e+00,1.203053099221985889e+01,3.778520852788268769e+00,-9.065430303386375066e-02,1.025467914085355092e+00,1.071685334682757951e+00
5.647361212060627800e+00,1.212850766912104383e+01,3.653749472874120219e+00,-1.078219766869814578e-01,1.028722575323385957e+00,1.068262022964904689e+00
5.668927097757593181e+00,1.222631073562383364e+01,3.552328068406926054e+00,-1.248799486305713358e-01,1.031738053062680960e+00,1.062151622397976114e+00
5.691731937629958438e+00,1.232390921921231097e+01,3.476701833131283781e+00,-1.410027390763268773e-01,1.034521068465371840e+00,1.054173218027593562e+00
5.715946430565992387e+00,1.242127214737056029e+01,3.431029619823978472e+00,-1.492361698771593470e-01,1.036771403940185410e+00,1.045145849601966326e+00
5.741710194072902951e+00,1.251837240226993586e+01,3.433213357318858350e+00,-1.414483473207340525e-01,1.037695377712687828e+00,1.035919854093485304e+00
5.768915403133783038e+00,1.261521355369972319e+01,3.511484660112012435e+00,-1.218770938162830608e-01,1.034201526111558911e+00,1.027531210170485210e+00
5.797335988704838350e+00,1.271181383597597936e+01,3.634206466840562921e+00,-9.962845847079643269e-02,1.027857164213742402e+00,1.019280983157256903e+00
5.826745147341882536e+00,1.280819157449449364e+01,3.769036687336169589e+00,-7.759552319464842196e-02,1.017562122602146735e+00,1.011168498438984598e+00
5.856916075600732796e+00,1.290436509465105708e+01,3.899470912193778283e+00,-5.573230748984122490e-02,1.005855639756030762e+00,1.004317769638203295e+00
5.887621970037198338e+00,1.300035272184146073e+01,4.014319543674125690e+00,-3.395877969950002878e-02,9.929247748510916516e-01,9.985394251806715138e-01
5.918636027207095474e+00,1.309617278146149211e+01,3.897952176981174244e+00,-1.218319779436045566e-02,9.789565348507168752e-01,9.936438013524701018e-01
5.949731443666239628e+00,1.319184359890694758e+01,3.749891138558779424e+00,9.693995841858342108e-03,9.641378623883679611e-01,9.894415176598236883e-01
5.980681415970443560e+00,1.328738349957360754e+01,3.582768894741429122e+00,3.177648870112325524e-02,9.486556299720553254e-01,9.857194279144191329e-01
6.011259140675520918e+00,1.338281080885727015e+01,3.402895284654096741e+00,5.416839803872451620e-02,9.326966415043121961e-01,9.815882776711255531e-01
6.041237814337287126e+00,1.347814385215372113e+01,3.215730668800262926e+00,7.697031306355714420e-02,9.164476424462696391e-01,9.751913254606738857e-01
6.070390633511554945e+00,1.357340095485875509e+01,3.026729018387546155e+00,1.002748245041331643e-01,9.000953402381071111e-01,9.451940155824681833e-01
6.098490794754138911e+00,1.366860044236815774e+01,2.842018348795595895e+00,1.241612856645251395e-01,8.838264367846954128e-01,8.971073023928686219e-01
6.125311494620852670e+00,1.376376064007772193e+01,2.669211842741481711e+00,1.486868029409212921e-01,8.678268198293754843e-01,8.488629269054874804e-01
6.150625929667509872e+00,1.385889987338323337e+01,2.521199329440030112e+00,1.714264980195721599e-01,8.522025207155744519e-01,8.048543945868216198e-01
6.174207413003699685e+00,1.395403648610887082e+01,2.433467273707841549e+00,1.826018222397063073e-01,8.369156883871351482e-01,7.670765064173006298e-01
6.195931222260210980e+00,1.404920494374642281e+01,2.434371344198184239e+00,1.753492420145773556e-01,8.220001945906081353e-01,7.324510679729757667e-01
6.215961314613516642e+00,1.414448535507251137e+01,2.513800008616080106e+00,1.572764499517746717e-01,8.070072150882029449e-01,7.088239524970616490e-01
6.234512380243098839e+00,1.423996585028730699e+01,2.636016904709984399e+00,1.369011721176357221e-01,7.912288666519037283e-01,6.880173217757320492e-01
6.251799109328442405e+00,1.433573455959098375e+01,2.789916458560380619e+00,1.157957477756588749e-01,7.765145207002772665e-01,6.800513485760819599e-01
6.268036192049033062e+00,1.443187961318371748e+01,2.968478511441723811e+00,9.426340197451804626e-02,7.631750730133515237e-01,6.743242917518357249e-01
6.283438318584354754e+00,1.452848914126568225e+01,3.151194925875573372e+00,7.259029619850089488e-02,7.515243079987539154e-01,6.795094011781710464e-01
6.298220179113889650e+00,1.462565127403704857e+01,3.329773779713017134e+00,5.104133980115084512e-02,7.418803839317542614e-01,6.880283632487000922e-01
6.312596463817126136e+00,1.472345414169798872e+01,3.504605656447139950e+00,2.985786830403984113e-02,7.321566389917106843e-01,7.010182935741929855e-01
6.326781862873546380e+00,1.482198587444867677e+01,3.675727773475933269e+00,9.256767368443967123e-03,7.240231460521520113e-01,7.180696419324053004e-01
6.340991066462634329e+00,1.492133460248929033e+01,3.842967756969780435e+00,-1.056940258840825472e-02,7.185433891797893269e-01,7.359608093307420384e-01
6.355438764763874815e+00,1.502158845601999992e+01,4.006032018946645401e+00,-2.945169515792389267e-02,7.160361530133874108e-01,7.514567277688070090e-01
6.370339647956753559e+00,1.512283556524097605e+01,4.164559420564791559e+00,-4.724382691919297439e-02,7.168343528503614559e-01,7.600273685839065152e-01
6.385908406220752731e+00,1.522516406035239811e+01,4.318153311708721631e+00,-6.382124660950777573e-02,7.187795834459198563e-01,7.618731200638538814e-01
6.402359729735358940e+00,1.532866207155443483e+01,4.466400131532455298e+00,-7.661674633484402697e-02,7.227266411915445055e-01,7.599640378525133189e-01
6.419908308680055242e+00,1.543341772904725850e+01,4.608869294827149687e+00,-7.104130101705487255e-02,7.309811524837058760e-01,7.528583809675672978e-01
6.438647311510866444e+00,1.553945561986513546e+01,4.745129115812209086e+00,-3.563446882999644905e-02,7.442452804346418871e-01,7.429754974084624708e-01
6.458031692802489232e+00,1.564646661185704524e+01,4.875043739375403362e+00,1.726089787668485045e-02,7.611235916626485354e-01,7.319447614172787109e-01
6.477307619203982902e+00,1.575403239859907067e+01,4.998973379771368464e+00,7.311547200225136656e-02,7.782909202243507574e-01,7.209413616650564016e-01
6.495721138347429147e+00,1.586173461143386021e+01,5.117566582999128144e+00,1.304439862428140862e-01,7.999536404854321603e-01,7.111206599028035980e-01
6.512518297864916761e+00,1.596915488170406405e+01,5.231420477803181868e+00,1.917077057213212310e-01,8.260658583780311481e-01,7.036133122594450118e-01
6.526945145388527436e+00,1.607587484075231643e+01,5.341054008271491682e+00,2.594530156512751540e-01,8.499427004729751545e-01,6.995241616330739598e-01
6.538247728550348192e+00,1.618147611992128176e+01,5.446934662538591709e+00,3.363637641053099370e-01,8.771562527440214252e-01,6.996857041931887622e-01
6.545672094982464273e+00,1.628554035055358540e+01,5.549486697965148707e+00,4.252084166611382332e-01,9.055835008742256775e-01,7.039516833338537172e-01
6.548464292316958257e+00,1.638764916399188820e+01,5.649097598185838009e+00,5.285869581974486087e-01,9.319929543114475745e-01,7.119487503977987020e-01
6.545870368185916277e+00,1.648738419157882618e+01,5.746123188987839470e+00,6.483259426346867915e-01,9.598126576500914942e-01,7.233174257191260503e-01
6.537136370221422688e+00,1.658432706465704953e+01,5.840891723609949793e+00,7.843268553904652052e-01,9.836076116635373845e-01,7.344576267952097615e-01
6.521508346055562733e+00,1.667805941456920493e+01,5.933707169932788794e+00,9.327433540012133317e-01,1.006072557588125083e+00,7.480693880270312679e-01
6.498232343320421656e+00,1.676816287265793903e+01,6.024851876502796522e+00,1.083748811605308227e+00,1.025629367432757899e+00,7.656412817613659216e-01
6.466554409648083812e+00,1.685421907026588784e+01,6.114588754038690510e+00,1.214166412817776486e+00,1.038643514379456123e+00,7.890729092990413918e-01
6.425720592670633557e+00,1.693580963873570511e+01,6.203165016538990884e+00,1.266425535965683302e+00,1.049425735949608418e+00,8.203296207973658216e-01
6.375170929567722133e+00,1.701256253084422099e+01,6.290813199423003432e+00,1.204794670920897648e+00,1.053112151955500231e+00,8.612407424674030088e-01
6.315364261553057190e+00,1.708434897259917662e+01,6.377700961116527623e+00,1.080894953431415173e+00,1.051352388375621949e+00,9.126364261991920523e-01
6.247092725600797536e+00,1.715111977541808841e+01,6.463920080740029661e+00,9.527481859985056367e-01,1.048405028316950371e+00,9.746020196962030813e-01
6.171148648676222592e+00,1.721282579608512364e+01,6.549481204121470057e+00,8.378759461022490251e-01,1.040906332513803267e+00,1.043390297644192000e+00
6.088324357744616222e+00,1.726941789138446737e+01,6.634381480799774522e+00,7.396894772541406926e-01,1.031045647921603470e+00,1.119493478402528774e+00
5.999412179771258735e+00,1.732084691810030819e+01,6.718617307880340839e+00,6.585800368551801842e-01,1.023311104495603363e+00,1.201632831819820391e+00
5.905204441721427777e+00,1.736706373301681694e+01,6.802181751399711374e+00,5.934326237490176181e-01,1.013210652457874339e+00,1.287491767729686654e+00
5.806493470560411652e+00,1.740801919291817512e+01,6.885065670831566287e+00,5.425936903646900733e-01,1.004331733007933769e+00,1.351519281701633268e+00
5.704071593253486228e+00,1.744366415458856423e+01,6.967258729262560735e+00,5.044093970966203599e-01,9.993120523866048099e-01,1.417069993288825325e+00
5.598731136765934480e+00,1.747394947481216221e+01,7.048750301847939603e+00,4.774919964852672449e-01,9.919626145317408383e-01,1.440268137331507825e+00
5.491264428063035830e+00,1.749882601037315411e+01,7.129530283085634856e+00,4.608384884696769546e-01,9.909823942266611230e-01,1.393886296872530517e+00
5.382463794110072364e+00,1.751824461805571076e+01,7.095419380261596132e+00,4.538819314947741823e-01,9.869163386410294558e-01,1.346742213252661857e+00
5.273121561872327057e+00,1.753215615464402077e+01,6.962503526401810916e+00,4.565229658105824928e-01,9.889672615851518023e-01,1.301207448679873036e+00
5.164030058315078442e+00,1.754051147692226564e+01,6.831158522925204757e+00,4.686954032166995021e-01,9.873261810380173920e-01,1.257338049484159503e+00
5.055981610403611270e+00,1.754326144167461976e+01,6.702114587832161519e+00,4.843378401603540273e-01,9.893849105970449198e-01,1.217659597992402976e+00
4.949720348339458731e+00,1.754038178263208181e+01,6.576127236572430590e+00,4.883547894118933086e-01,9.890878972288251747e-01,1.182860483804859086e+00
4.845452772325103297e+00,1.753212573333795632e+01,6.453306430379993408e+00,4.738785365898033342e-01,9.883914894136496265e-01,1.153136449807957264e+00
4.743048988540916611e+00,1.751892015841672290e+01,6.332822559107584404e+00,4.482487046921485030e-01,9.884199029819740190e-01,1.128040583025071708e+00
4.642373948516965498e+00,1.750119458308562059e+01,6.214416408392117397e+00,4.169262148843125293e-01,9.840126560581368143e-01,1.106952167981476665e+00
4.543292603783314121e+00,1.747937853256189911e+01,6.098528961209610522e+00,3.811954184452482353e-01,9.809833807665107042e-01,1.088468324252475306e+00
4.445669905870026639e+00,1.745390153206280459e+01,5.985548973052538635e+00,3.422064318340515277e-01,9.766351338113474778e-01,1.072173873923931486e+00
4.349370806307170767e+00,1.742519310680558675e+01,5.875898499996227820e+00,3.009579508984974172e-01,9.697734153462941320e-01,1.057845198426392352e+00
4.254260256624810665e+00,1.739368278200748819e+01,5.770048864441650771e+00,2.582466414927022114e-01,9.639829835265381064e-01,1.045051646986218774e+00
4.160203208353010496e+00,1.735980008288575505e+01,5.668534871085782356e+00,2.146511082148042093e-01,9.579345856085770272e-01,1.033685462673736177e+00
4.067064613021836195e+00,1.732397453465764414e+01,5.571976143546795157e+00,1.705410909375844053e-01,9.493001575356091459e-01,1.023671818797479593e+00
3.974709422161351924e+00,1.728663566254038741e+01,5.481111968345530272e+00,1.261023968628519343e-01,9.417257540438607188e-01,1.014935997615348029e+00
3.883002587301623620e+00,1.724821299175124167e+01,5.396863442745155837e+00,8.137000321098201983e-02,9.349557050483768839e-01,1.007403432823874567e+00
3.791809059972716334e+00,1.720913604750745662e+01,5.320456451338960058e+00,3.626443271499175253e-02,9.288473833585187966e-01,1.000999785063376502e+00
3.700993791704694225e+00,1.716983435502627486e+01,5.253702375799455204e+00,-9.370922992005143240e-03,9.228011389338254267e-01,9.956267837346073346e-01
3.610421734027622342e+00,1.713073743952493899e+01,5.200028003486498740e+00,-5.336515362457026901e-02,9.170367682094293649e-01,9.907894008880580028e-01
3.519957838525650473e+00,1.709227482572218548e+01,5.178886725874869867e+00,-8.434583571463177831e-02,9.124500493316890504e-01,9.856689542443723973e-01
3.429477410542018490e+00,1.705478060095894577e+01,5.181402355387209724e+00,-9.285138300590188576e-02,9.088573396161772067e-01,9.795283296099079884e-01
3.338895034510909632e+00,1.701822679147283424e+01,5.248935166982608536e+00,-8.751294532005601812e-02,9.054824460980904766e-01,9.719733240756407433e-01
3.248134607921924655e+00,1.698249957897091278e+01,5.349457567063005570e+00,-7.952625783482987487e-02,9.024702640558346367e-01,9.626900595774920966e-01
3.157120028264666534e+00,1.694748514516027171e+01,5.455347587406040866e+00,-7.115049938163445220e-02,8.902857351724984269e-01,9.513633447052932679e-01
3.065775193028737799e+00,1.691306967174797649e+01,5.559440721294913956e+00,-6.248061553243116489e-02,8.756419750533489532e-01,9.377530322481242298e-01
2.974023999703741428e+00,1.687913934044110675e+01,5.661791503387126667e+00,-5.361356654634976543e-02,8.629257624804320681e-01,9.217068034304877200e-01
2.881790345779279061e+00,1.684558033294673507e+01,5.762426764827930370e+00,-4.464614652990486071e-02,8.527004538833773406e-01,9.038567469983070923e-01
2.788998128744955007e+00,1.681227883097193754e+01,5.861352469100747697e+00,-3.567295341210508647e-02,8.445261210082375403e-01,8.849964073637938133e-01
2.695571246090369577e+00,1.677912101622379382e+01,5.958559624880239269e+00,-2.678456551880221970e-02,8.368397151611900453e-01,8.654940396341676001e-01
2.601433595305126190e+00,1.674599307040937646e+01,6.054029444043414365e+00,-1.806596443435699167e-02,8.320808195530594586e-01,8.457159390289601397e-01
2.506509073878827376e+00,1.671278117523575801e+01,6.147737901621219692e+00,-9.595228391923430258e-03,8.310522031507123764e-01,8.258682066596141347e-01
2.410721579301076112e+00,1.667937151241001104e+01,6.239659841958784092e+00,-1.442506567932466330e-03,8.302223362037672860e-01,8.057808257190959278e-01
2.313995009061474928e+00,1.664565026363921874e+01,6.329772760320555136e+00,6.330727087184428482e-03,8.298293581464795121e-01,7.867156932050406448e-01
2.216253260649625023e+00,1.661150361063045366e+01,6.418060362336302838e+00,1.367230152072787704e-02,8.331581488282769898e-01,7.695331988713854932e-01
2.117420231555130705e+00,1.657681773509078837e+01,6.468791158977134081e+00,2.292607884222467793e-02,8.374753778067730581e-01,7.551015198991648525e-01
2.017419828630055090e+00,1.654147881509906881e+01,6.399672629322468609e+00,4.447690311581536937e-02,8.404369024808735489e-01,7.443015055635201493e-01
1.916327970583127760e+00,1.650531411965051376e+01,6.400220756852999848e+00,8.540643113729297353e-02,8.468067541115162911e-01,7.381511859830999223e-01
1.814758192687655480e+00,1.646794257544480899e+01,6.411404587829231616e+00,1.377844024871823780e-01,8.556216849431469429e-01,7.355085692760682248e-01
1.713442824737606784e+00,1.642893707279668902e+01,6.455646124078670667e+00,1.937238878415972199e-01,8.606840137301100535e-01,7.383576106812498319e-01
1.613114196526953092e+00,1.638787050202086704e+01,6.514970503753170661e+00,2.535483388656686321e-01,8.671468037982598132e-01,7.488395723923806369e-01
1.514504637849662938e+00,1.634431575343208465e+01,6.587151006405326470e+00,3.192778076023496947e-01,8.746660610346366216e-01,7.662368609923168039e-01
1.418346478499707075e+00,1.629784571734506926e+01,6.669473567611657217e+00,3.927943832833228344e-01,8.827645533815496881e-01,7.896337316963801811e-01
1.325372048271054704e+00,1.624803328407453407e+01,6.714777301389820430e+00,4.756754936918212162e-01,8.882761270532658626e-01,8.181143702150491803e-01
1.236313676957675467e+00,1.619445134393522068e+01,6.605125438072158239e+00,5.688276081224032943e-01,8.962961287316474346e-01,8.507761153188265757e-01
1.151903694353539898e+00,1.613667278724185294e+01,6.480606172173949631e+00,6.718492713610203504e-01,9.056766357426163649e-01,8.867410192642861677e-01
1.072874430252616751e+00,1.607427050430915472e+01,6.343152839070160809e+00,7.821022714059284731e-01,9.165098307334976768e-01,9.255497727143184861e-01
9.999582144488772251e-01,1.600681738545185340e+01,6.194124225536001838e+00,8.936430983767467140e-01,9.271517334115861875e-01,9.681944444965517871e-01
9.338873767362902978e-01,1.593388632098467816e+01,6.034391272718516497e+00,9.965134079133368683e-01,9.394280442814589849e-01,1.016056824791044644e+00
8.753942469088252798e-01,1.585505020122235820e+01,5.864373676970767946e+00,1.077291638523101946e+00,9.522639661142437983e-01,1.070603158869229521e+00
8.252111547604529251e-01,1.576988191647961912e+01,5.684044837641678782e+00,1.119704363304164563e+00,9.641908786681259169e-01,1.133390529078774245e+00
7.840704300851424335e-01,1.567795435707118301e+01,5.492846137931046258e+00,1.090094498554910807e+00,9.727149731195710025e-01,1.206063247681405493e+00
7.526594624421918400e-01,1.557893445198689797e+01,5.290299018346007465e+00,9.819406493195830254e-01,9.806021070956234542e-01,1.281286553464663136e+00
7.310852891980115231e-01,1.547370353311666236e+01,5.076924476342473902e+00,8.548650049253911920e-01,9.890253782170840280e-01,1.253086170196429983e+00
7.190510518289502384e-01,1.536398809559132417e+01,4.854907419175632732e+00,7.581205291820841685e-01,9.995212473800920705e-01,1.228208550918077346e+00
7.162517028772398264e-01,1.525153177011122807e+01,4.625577104915060467e+00,6.985150650251717996e-01,1.013178538773177317e+00,1.211351198655066685e+00
7.223821948851127939e-01,1.513807818737671163e+01,4.390112973692680498e+00,6.712724851071865118e-01,1.030535085613040414e+00,1.203824605531098824e+00
7.371374803948014254e-01,1.502537097808812661e+01,4.149715508939749498e+00,6.743341801565360116e-01,1.051540035802203343e+00,1.206363765527037613e+00
7.602125119485381166e-01,1.491515377294581590e+01,3.905751214979196639e+00,7.088476523437184929e-01,1.075576020775920405e+00,1.218708339127496654e+00
7.913022420885551522e-01,1.480917020265012418e+01,3.659898464821924158e+00,7.795488198570900140e-01,1.101532454621402035e+00,1.240436356078786329e+00
8.301016233570848168e-01,1.470916389790139611e+01,3.414313236442141797e+00,8.953559733522225006e-01,1.126230145476700528e+00,1.237129785754480293e+00
8.763056082963596172e-01,1.461687848939997458e+01,3.171841259510002953e+00,1.069780472237514823e+00,1.148820519341734014e+00,1.141548195018300182e+00
9.296091494486113938e-01,1.453405760784620604e+01,2.936301670373621775e+00,1.319586848170512194e+00,1.168282219604124261e+00,1.055320032860630697e+00
9.897071993560732084e-01,1.446244488394043870e+01,2.712862213157291702e+00,1.651265051189388267e+00,1.182577513298004090e+00,9.790543507531708212e-01
1.056294710560976791e+00,1.440378394838301013e+01,2.508509840795678514e+00,1.974929977491366229e+00,1.189638498599962846e+00,9.163852017262010818e-01
1.129054865390524132e+00,1.435954069968109259e+01,2.332754457901632161e+00,2.053250274650494589e+00,1.187666094566652619e+00,8.685480906137723611e-01
1.207579015366520903e+00,1.432901417949884681e+01,2.207656420347921866e+00,1.810416859809917067e+00,1.176943161127560256e+00,8.334101842057175524e-01
1.291415379247346396e+00,1.431048566075507722e+01,2.187890300255462606e+00,1.429864831952839532e+00,1.159075480429166971e+00,8.108921013193436389e-01
1.380111926265584321e+00,1.430223052851131094e+01,2.245226408986626954e+00,1.054920561052851147e+00,1.136017625168919132e+00,7.979433399169816310e-01
1.473216625653818612e+00,1.430252416782907510e+01,2.380438204250145517e+00,7.360913581361364644e-01,1.106701541933731825e+00,7.916472925404517413e-01
1.570277446644632757e+00,1.430964196376989328e+01,2.557123740375465637e+00,4.802571122831843509e-01,1.077151341985776112e+00,7.891308696406321710e-01
1.670842358470610689e+00,1.432185930139529439e+01,2.744250610598345297e+00,2.762048524270008798e-01,1.050346758918081491e+00,7.864299997238453077e-01
1.774459330364336118e+00,1.433745156576680380e+01,2.928170952863411003e+00,1.089383486739716467e-01,1.023684026048818252e+00,7.851927309933293131e-01
1.880676331558393199e+00,1.435469414194595217e+01,3.109716120603612577e+00,-3.501860881351376298e-02,1.003555689548417673e+00,7.829581040370447997e-01
1.989041331285365644e+00,1.437186241499426131e+01,3.289103872563657660e+00,-1.664321710042858948e-01,9.868524359142395452e-01,7.844429221805246932e-01
2.099102298777837383e+00,1.438723176997326014e+01,3.466220378281652970e+00,-2.934245238976180836e-01,9.755905524729759914e-01,7.916359014608965738e-01
2.210407203268391907e+00,1.439907759194447401e+01,3.640785635641440976e+00,-4.215458103008436486e-01,9.718095916043874016e-01,7.958584918916069562e-01
2.322504013989612925e+00,1.440567526596942649e+01,3.812449586090818965e+00,-5.533357615473026847e-01,9.767499542047425320e-01,8.097458340424440459e-01
2.434940700174084149e+00,1.440530017710965183e+01,3.980847839134532329e+00,-6.834539802464857372e-01,9.890126240333478869e-01,8.216345392290574923e-01
2.547265231054390178e+00,1.439622771042667182e+01,4.145634244805346036e+00,-7.747428163492472430e-01,1.010552512134005987e+00,8.382308312319646237e-01
2.658940055963232130e+00,1.437692721195137757e+01,4.306500604640280727e+00,-7.967741275432633774e-01,1.044724851308826530e+00,8.596508814073591243e-01
2.768760400969940250e+00,1.434738130440378789e+01,4.463202516519714003e+00,-7.865674813764593765e-01,1.091163502344197900e+00,8.848314371824997915e-01
2.875208098582191951e+00,1.430828339383148773e+01,4.531689341585889430e+00,-7.912118467880445705e-01,1.145145563024727364e+00,9.062898774933495494e-01
2.976763168305865292e+00,1.426033099820907246e+01,4.288454439590382528e+00,-8.246471916639075417e-01,1.208558786628354254e+00,9.311404546546995231e-01
3.071905629646839220e+00,1.420422163551113570e+01,4.039126010956449520e+00,-8.902794856711589988e-01,1.281416996258294638e+00,9.582306354071717935e-01
3.159115502110993567e+00,1.414065282371227283e+01,3.785669942777837527e+00,-9.930358846151400298e-01,1.358735051495697510e+00,9.860895065807361304e-01
3.236872805204206838e+00,1.407032208078707747e+01,3.530618860796971070e+00,-1.138366740247246822e+00,1.443468445872610362e+00,1.013043735700852155e+00
3.303657558432358421e+00,1.399392692471014144e+01,3.277297552671849523e+00,-1.329042916213301728e+00,1.445904239514387957e+00,1.037321586375528737e+00
3.357949781301326819e+00,1.391216487345606367e+01,3.030191431889843745e+00,-1.558036781433157048e+00,1.370247981906911772e+00,1.057139157426356890e+00
3.398229493316992755e+00,1.382573344499943779e+01,2.795377367368717003e+00,-1.773345958257391608e+00,1.306552670968433638e+00,1.070771527704729165e+00
3.422977120514640426e+00,1.373533014316812029e+01,2.580999734827686520e+00,-1.802860988342648962e+00,1.257738724040383671e+00,1.072492760950277235e+00
3.431581774966943055e+00,1.364162085060442386e+01,2.397507450069632728e+00,-1.528391848895219729e+00,1.223988746085337809e+00,1.064623437258171990e+00
3.426272788762113830e+00,1.354517261369655046e+01,2.256247377240011787e+00,-1.123175945489677918e+00,1.202315655729654376e+00,1.051026732877574421e+00
3.409832890031577968e+00,1.344653322131333795e+01,2.155884886536256317e+00,-7.599703751144634145e-01,1.191591886705683834e+00,1.035207863573726739e+00
3.385044806906762460e+00,1.334625046232361711e+01,2.166691215437708706e+00,-4.648524195788892865e-01,1.189245719607386675e+00,1.020905666316205718e+00
3.354691267519094744e+00,1.324487212559622584e+01,2.354911449041322324e+00,-2.198170282607753434e-01,1.192733686087489087e+00,1.011841377324432134e+00
3.321555000000000035e+00,1.314294599999999846e+01,2.575293078600136010e+00,-1.078193070570629269e-01,1.199249893312682724e+00,1.007828428229983420e+00
