-1.6129292963688449, 3.0279952844432216, 5.851341942181655, 0.013318436967476482, 1.0079259705574148, 1.7522157851573938, 2.6937689781188965, 0.0
-1.712929296368845, 3.076032659322982, 5.949981726557372, 0.013318436967476482, 1.0219939616575948, 1.7480490444954002, 2.6937689781188965, 0.0
-1.812929296368845, 3.1240700342027425, 6.0486215109330885, 0.013318436967476482, 1.0359190985946207, 1.7470517608136789, 2.6937689781188965, 0.0
-1.9129292963688451, 3.1721074090825025, 6.147261295308805, 0.013318436967476482, 1.0502096846882167, 1.7490176339418684, 2.6937689781188965, 0.0
-2.012929296368845, 3.220144783962263, 6.245901079684522, 0.013318436967476482, 1.0653806967917994, 1.752737763407143, 2.6937689781188965, 0.0
-2.1129292963688453, 3.2681821588420235, 6.344540864060239, 0.013318436967476482, 1.081952880290028, 1.7569533014716192, 2.7267227172851562, 0.0
-2.121997706208428, 3.2681821588420235, 6.344540864060239, 0.016697689428490724, 1.079382377941156, 1.7610393425994604, 2.7786166667938232, 0.0
-2.221997706208428, 3.309606796171122, 6.419401849122696, 0.016697689428490724, 1.09140242902789, 1.7704231630429739, 2.7488656044006348, 0.0
-2.3219977062084283, 3.35103143350022, 6.494262834185155, 0.016697689428490724, 1.1048979321915093, 1.7740363365722684, 2.7488656044006348, 0.0
-2.4219977062084284, 3.3924560708293185, 6.569123819247613, 0.016697689428490724, 1.1195072346669916, 1.7676507102485304, 2.7488656044006348, 0.0
-2.5219977062084284, 3.433880708158417, 6.643984804310071, 0.016697689428490724, 1.134867742769821, 1.760387747861194, 2.7488656044006348, 0.0
-2.6219977062084285, 3.475305345487515, 6.718845789372528, 0.016697689428490724, 1.1506160178116127, 1.7547770802939644, 2.7488656044006348, 0.0
-2.7219977062084286, 3.5167299828166136, 6.793706774434987, 0.016697689428490724, 1.1663878987254228, 1.7505778732335353, 2.873333692550659, 0.0
-2.7726960193947052, 3.5167299828166136, 6.793706774434987, 0.011543662856168476, 1.154761954673927, 1.7695278162138524, 2.8640494346618652, 0.0
-2.8726960193947053, 3.559663386773977, 6.861575023725487, 0.011543662856168476, 1.1705500334651804, 1.7673661989788645, 2.7360568046569824, 0.0
-2.9726960193947054, 3.60259679073134, 6.929443273015986, 0.011543662856168476, 1.1852763966374265, 1.7692179975027937, 2.7360568046569824, 0.0
-3.0726960193947055, 3.6455301946887033, 6.997311522306486, 0.011543662856168476, 1.1985749279301188, 1.7742983531963705, 2.7360568046569824, 0.0
-3.1726960193947056, 3.6884635986460665, 7.065179771596986, 0.011543662856168476, 1.207895855457755, 1.780426440427056, 2.7360568046569824, 0.0
-3.2726960193947057, 3.7313970026034298, 7.133048020887485, 0.011543662856168476, 1.2143791402326711, 1.7885510934289364, 2.7360568046569824, 0.0
-3.3726960193947058, 3.774330406560793, 7.200916270177985, 0.011543662856168476, 1.217732611609357, 1.796732083123362, 2.9140799045562744, 0.0
-3.4581365229554644, 3.774330406560793, 7.200916270177985, -0.003877265864403966, 1.1851793607017542, 1.8337846084288514, 2.900338888168335, 0.0
-3.5581365229554645, 3.8199572840220974, 7.260700275431015, -0.003877265864403966, 1.187094256154629, 1.8339224038561255, 2.7135379314422607, 0.0
-3.6581365229554645, 3.8655841614834023, 7.320484280684044, -0.003877265864403966, 1.1881255205373087, 1.8330621000103742, 2.7135379314422607, 0.0
-3.7581365229554646, 3.911211038944707, 7.380268285937074, -0.003877265864403966, 1.1885090304331993, 1.8315263649870694, 2.7135379314422607, 0.0
-3.8581365229554647, 3.9568379164060112, 7.440052291190103, -0.003877265864403966, 1.1884821722544139, 1.8305966414928032, 2.7135379314422607, 0.0
-3.958136522955465, 4.002464793867316, 7.499836296443132, -0.003877265864403966, 1.1880492085737406, 1.8303647118121547, 2.7135379314422607, 0.0
-4.058136522955465, 4.048091671328621, 7.559620301696162, -0.003877265864403966, 1.1872750746981056, 1.8309263541340017, 2.7587637901306152, 0.0
-4.071439889396318, 4.048091671328621, 7.559620301696162, -0.01272231124415779, 1.1813658620955014, 1.8362991705143092, 2.7840805053710938, 0.0
-4.171439889396318, 4.090417870379173, 7.604536259186973, -0.01272231124415779, 1.1780591990004303, 1.8397994444465788, 2.7411949634552, 0.0
-4.2714398893963175, 4.132744069429726, 7.649452216677783, -0.01272231124415779, 1.175173311439648, 1.8427987030717767, 2.7411949634552, 0.0
-4.371439889396317, 4.175070268480278, 7.694368174168594, -0.01272231124415779, 1.1728045048942073, 1.844821948969888, 2.7411949634552, 0.0
-4.471439889396317, 4.217396467530831, 7.739284131659404, -0.01272231124415779, 1.1710489604642442, 1.8437231061282695, 2.7411949634552, 0.0
-4.571439889396316, 4.259722666581383, 7.7842000891502146, -0.01272231124415779, 1.1700026755819384, 1.8413027584911472, 2.7411949634552, 0.0
-4.671439889396316, 4.302048865631936, 7.829116046641025, -0.01272231124415779, 1.1697614027554282, 1.838476044857537, 2.7411949634552, 0.0
-4.771439889396316, 4.344375064682488, 7.874032004131836, -0.01272231124415779, 1.1704205876668614, 1.8358186174439823, 2.8480026721954346, 0.0
-4.8114414085577835, 4.344375064682488, 7.874032004131836, -0.008138377046685161, 1.1552637045389647, 1.851167276872475, 2.831364154815674, 0.0
-4.911441408557783, 4.389256660036852, 7.912701938342421, -0.008138377046685161, 1.1595827704581463, 1.8473851086442636, 2.719723701477051, 0.0
-5.011441408557783, 4.434138255391217, 7.951371872553005, -0.008138377046685161, 1.1650061101917442, 1.8444182754642227, 2.719723701477051, 0.0
-5.111441408557782, 4.479019850745582, 7.99004180676359, -0.008138377046685161, 1.1716262216374358, 1.84122586844084, 2.719723701477051, 0.0
-5.211441408557782, 4.523901446099947, 8.028711740974174, -0.008138377046685161, 1.179487866256294, 1.8365922515844004, 2.719723701477051, 0.0
-5.311441408557782, 4.568783041454311, 8.067381675184759, -0.008138377046685161, 1.1884116454594755, 1.8270280871119404, 2.719723701477051, 0.0
-5.411441408557781, 4.613664636808676, 8.106051609395344, -0.008138377046685161, 1.198151721127767, 1.8119074651625633, 2.719723701477051, 0.0
-5.511441408557781, 4.65854623216304, 8.144721543605929, -0.008138377046685161, 1.2084624048981474, 1.7962294036395907, 2.8769736289978027, 0.0
-5.577072259990073, 4.65854623216304, 8.144721543605929, 0.002877547376713071, 1.1877372874849528, 1.8149190638546937, 2.8701295852661133, 0.0
-5.677072259990073, 4.704646933365765, 8.177746205206665, 0.002877547376713071, 1.19925120633455, 1.7996813445842845, 2.709623098373413, 0.0
-5.777072259990073, 4.750747634568489, 8.210770866807401, 0.002877547376713071, 1.2106147388351538, 1.7852983705437333, 2.709623098373413, 0.0
-5.877072259990072, 4.796848335771213, 8.243795528408137, 0.002877547376713071, 1.221582744454987, 1.7728325843673554, 2.709623098373413, 0.0
-5.977072259990072, 4.842949036973937, 8.276820190008873, 0.002877547376713071, 1.2319106643745625, 1.7614742599550581, 2.709623098373413, 0.0
-6.0770722599900715, 4.889049738176661, 8.30984485160961, 0.002877547376713071, 1.240230744940881, 1.7503271493534862, 2.709623098373413, 0.0
-6.177072259990071, 4.9351504393793855, 8.342869513210346, 0.002877547376713071, 1.2464832291872006, 1.7369444923214905, 2.709623098373413, 0.0
-6.277072259990071, 4.98125114058211, 8.375894174811082, 0.002877547376713071, 1.2516794594181337, 1.7215549659264986, 2.899846076965332, 0.0
-6.364041315978034, 4.98125114058211, 8.375894174811082, 0.013866450250862462, 1.2179437215475324, 1.7457607373673303, 2.900785446166992, 0.0
-6.464041315978034, 5.027165563226697, 8.4033436148375, 0.013866450250862462, 1.2211143102767275, 1.7297851177744004, 2.71116042137146, 0.0
-6.5640413159780335, 5.073079985871284, 8.430793054863916, 0.013866450250862462, 1.2237249511095138, 1.7146411328969322, 2.71116042137146, 0.0
-6.664041315978033, 5.118994408515872, 8.458242494890333, 0.013866450250862462, 1.2248164841021614, 1.7010770352503586, 2.71116042137146, 0.0
-6.764041315978033, 5.164908831160459, 8.485691934916751, 0.013866450250862462, 1.2258451028349568, 1.6891390576120036, 2.71116042137146, 0.0
-6.8640413159780325, 5.210823253805047, 8.513141374943169, 0.013866450250862462, 1.226976123037269, 1.6779531217690502, 2.71116042137146, 0.0
-6.964041315978032, 5.256737676449633, 8.540590814969585, 0.013866450250862462, 1.228374505512327, 1.666582915842558, 2.71116042137146, 0.0
-7.064041315978032, 5.302652099094221, 8.568040254996003, 0.013866450250862462, 1.2302054117711183, 1.6540165772707898, 2.729032039642334, 0.0
-7.068945655958279, 5.302652099094221, 8.568040254996003, 0.025326755002197263, 1.2282385412698484, 1.6553134217479841, 2.788975238800049, 0.0
-7.168945655958279, 5.341256633155004, 8.57399793113617, 0.025326755002197263, 1.2239613386559622, 1.6453670434986745, 2.7731738090515137, 0.0
-7.268945655958278, 5.379861167215788, 8.579955607276336, 0.025326755002197263, 1.2202623062231879, 1.6341285112477764, 2.7731738090515137, 0.0
-7.368945655958278, 5.418465701276571, 8.585913283416504, 0.025326755002197263, 1.217150292578336, 1.6222732899155903, 2.7731738090515137, 0.0
-7.468945655958278, 5.457070235337355, 8.59187095955667, 0.025326755002197263, 1.2146340173294319, 1.6104771174577055, 2.7731738090515137, 0.0
-7.568945655958277, 5.495674769398138, 8.597828635696837, 0.025326755002197263, 1.212722075989135, 1.5994158962033844, 2.7731738090515137, 0.0
-7.668945655958277, 5.534279303458922, 8.603786311837005, 0.025326755002197263, 1.2114229342131897, 1.5896195781314588, 2.7731738090515137, 0.0
-7.768945655958277, 5.572883837519705, 8.609743987977172, 0.025326755002197263, 1.210744922914019, 1.580943924930483, 2.7731738090515137, 0.0
-7.868945655958276, 5.611488371580489, 8.615701664117339, 0.025326755002197263, 1.2106962343431118, 1.5730500741293627, 2.8247275352478027, 0.0
-7.88667332807581, 5.611488371580489, 8.615701664117339, 0.03757191501006402, 1.2045029440799575, 1.5784299236833639, 2.849547863006592, 0.0
-7.98667332807581, 5.646882129749636, 8.575031221063677, 0.03757191501006402, 1.2021680962335928, 1.5741040411311598, 2.8014142513275146, 0.0
-8.08667332807581, 5.682275887918783, 8.534360778010015, 0.03757191501006402, 1.2004664974773043, 1.5698736216534797, 2.8014142513275146, 0.0
-8.186673328075809, 5.71766964608793, 8.493690334956353, 0.03757191501006402, 1.1994058917781283, 1.5650735760065035, 2.8014142513275146, 0.0
-8.286673328075809, 5.753063404257077, 8.453019891902692, 0.03757191501006402, 1.1989071982375548, 1.558566883326406, 2.8014142513275146, 0.0
-8.386673328075808, 5.788457162426224, 8.412349448849028, 0.03757191501006402, 1.1986708843242706, 1.5506584792511529, 2.8014142513275146, 0.0
-8.486673328075808, 5.823850920595371, 8.371679005795366, 0.03757191501006402, 1.1983632300762446, 1.5394894146854012, 2.8014142513275146, 0.0
-8.586673328075808, 5.859244678764518, 8.331008562741705, 0.03757191501006402, 1.1976509702296738, 1.5249280718652223, 2.8014142513275146, 0.0
-8.686673328075807, 5.894638436933665, 8.290338119688043, 0.03757191501006402, 1.1946216911582568, 1.5089785513981444, 2.854057550430298, 0.0
-8.706355832194115, 5.894638436933665, 8.290338119688043, 0.0484622998022604, 1.1872149929855316, 1.51243381534773, 2.891688346862793, 0.0
-8.806355832194114, 5.925186210883167, 8.183628812517611, 0.0484622998022604, 1.178328203632706, 1.5016379445353214, 2.8451180458068848, 0.0
-8.906355832194114, 5.955733984832668, 8.076919505347181, 0.0484622998022604, 1.1669957598038996, 1.4913629947322273, 2.8451180458068848, 0.0
-9.006355832194114, 5.9862817587821695, 7.97021019817675, 0.0484622998022604, 1.1515120123358926, 1.482882086379676, 2.8451180458068848, 0.0
-9.106355832194113, 6.016829532731672, 7.8635008910063195, 0.0484622998022604, 1.1337835161414584, 1.4772834061439493, 2.8451180458068848, 0.0
-9.206355832194113, 6.047377306681174, 7.756791583835888, 0.0484622998022604, 1.1144543555284478, 1.4739639350652034, 2.8451180458068848, 0.0
-9.306355832194113, 6.077925080630675, 7.650082276665457, 0.0484622998022604, 1.0938137610403034, 1.4718767317594994, 2.8451180458068848, 0.0
-9.406355832194112, 6.108472854580176, 7.543372969495026, 0.0484622998022604, 1.0734586094672602, 1.469974784912629, 2.8451180458068848, 0.0
-9.506355832194112, 6.1390206285296784, 7.436663662324595, 0.0484622998022604, 1.0535251759275734, 1.467211222074833, 2.85795521736145, 0.0
-9.511152161836165, 6.1390206285296784, 7.436663662324595, 0.0552128761719176, 1.0514921354248516, 1.4684094812955921, 2.9102120399475098, 0.0
-9.611152161836165, 6.163710654065399, 7.264546844951952, 0.0552128761719176, 1.0271244538470163, 1.469420974442908, 2.89953351020813, 0.0
-9.711152161836164, 6.18840067960112, 7.092430027579309, 0.0552128761719176, 1.004481346218728, 1.466102293028729, 2.89953351020813, 0.0
-9.811152161836164, 6.213090705136841, 6.920313210206666, 0.0552128761719176, 0.9842302591067572, 1.460709018218876, 2.89953351020813, 0.0
-9.911152161836164, 6.2377807306725614, 6.748196392834023, 0.0552128761719176, 0.9670390572910502, 1.4542119701652794, 2.89953351020813, 0.0
-10.011152161836163, 6.262470756208282, 2.3, 0.0552128761719176, 0.9531753160018229, 1.4471109437819305, 2.89953351020813, 0.0
-10.111152161836163, 6.287160781744003, 2.3, 0.0552128761719176, 0.9399967871918277, 1.439848111469202, 2.89953351020813, 0.0
-10.211152161836162, 6.311850807279724, 2.3, 0.0552128761719176, 0.9306898897825435, 1.4327092378131163, 2.89953351020813, 0.0
-10.311152161836162, 6.3365408328154444, 2.3, 0.0552128761719176, 0.9247921787099331, 1.4259538245190515, 2.9982357025146484, 0.0
-10.382198390942142, 6.3365408328154444, 2.3, 0.060639421132609186, 0.9054581637959054, 1.438537750887827, 3.016064167022705, 0.0
-10.482198390942141, 6.358125493191608, 2.3, 0.060639421132609186, 0.8996975302944968, 1.4363135517524046, 2.9290075302124023, 0.0
-10.58219839094214, 6.379710153567771, 2.3, 0.060639421132609186, 0.896331106132015, 1.435243026084994, 2.9290075302124023, 0.0
-10.68219839094214, 6.4012948139439345, 2.3, 0.060639421132609186, 0.8948632850354142, 1.4354775890050187, 2.9290075302124023, 0.0
-10.78219839094214, 6.422879474320098, 2.3, 0.060639421132609186, 0.8947991480481147, 1.436370469280075, 2.9290075302124023, 0.0
-10.88219839094214, 6.444464134696261, 2.3, 0.060639421132609186, 0.8956443814712426, 1.4381319777369184, 2.9290075302124023, 0.0
-10.98219839094214, 6.466048795072425, 2.3, 0.060639421132609186, 0.8969051995895823, 1.4413145539555474, 2.9290075302124023, 0.0
-11.082198390942139, 6.487633455448588, 2.3, 0.060639421132609186, 0.8980882852281172, 1.4459758903157662, 2.988718271255493, 0.0
-11.122288903393377, 6.487633455448588, 2.3, 0.06601862994749655, 0.8901010373754183, 1.456854224572306, 3.0359714031219482, 0.0
-11.222288903393377, 6.502485272848381, 2.3, 0.06601862994749655, 0.8841564994557957, 1.4695604586848876, 2.994152307510376, 0.0
-11.322288903393376, 6.517337090248175, 2.3, 0.06601862994749655, 0.877314870790796, 1.4838502276212977, 2.994152307510376, 0.0
-11.422288903393376, 6.532188907647968, 2.3, 0.06601862994749655, 0.8697008808088347, 1.4993885869256667, 2.994152307510376, 0.0
-11.522288903393376, 6.5470407250477605, 2.3, 0.06601862994749655, 0.8615158939166384, 1.5152798438467259, 2.994152307510376, 0.0
-11.622288903393375, 6.561892542447554, 2.3, 0.06601862994749655, 0.8529068707282067, 1.530584173352237, 2.994152307510376, 0.0
-11.722288903393375, 6.576744359847347, 2.3, 0.06601862994749655, 0.8441399894193133, 1.5443617590328114, 2.994152307510376, 0.0
-11.822288903393375, 6.5915961772471405, 2.3, 0.06601862994749655, 0.8355498295729297, 1.5529871462582752, 3.0666184425354004, 0.0
-11.920009888002285, 6.5915961772471405, 2.3, 0.07040702254053835, 0.812861659301012, 1.5727208462160023, 3.0876049995422363, 0.0
-12.020009888002285, 6.602281035248583, 2.3, 0.07040702254053835, 0.8007335638943199, 1.5800230915073248, 3.0351479053497314, 0.0
-12.120009888002285, 6.612965893250025, 2.3, 0.07040702254053835, 0.7892414145610136, 1.58714672891228, 3.0351479053497314, 0.0
-12.220009888002284, 6.623650751251468, 2.3, 0.07040702254053835, 0.7785868275892778, 1.594648554205878, 3.0351479053497314, 0.0
-12.320009888002284, 6.63433560925291, 2.3, 0.07040702254053835, 0.768971543482491, 1.602410226828728, 3.0351479053497314, 0.0
-12.420009888002284, 6.645020467254352, 2.3, 0.07040702254053835, 0.7605443540237053, 1.610162925437535, 3.0351479053497314, 0.0
-12.520009888002283, 6.655705325255795, 2.3, 0.07040702254053835, 0.7531154978787546, 1.6176377974368663, 3.0664901733398438, 0.0
-12.5620125422622, 6.655705325255795, 2.3, 0.08925944782231661, 0.7472312432589824, 1.6248261539256468, 3.115351676940918, 0.0
-12.6620125422622, 6.6594324838162, 2.3, 0.08925944782231661, 0.7336521189260315, 1.6386029975318728, 3.1043384075164795, 0.0
-12.7620125422622, 6.663159642376605, 2.3, 0.08925944782231661, 0.7204160145580477, 1.6515790869521236, 3.1043384075164795, 0.0
-12.8620125422622, 6.666886800937009, 2.3, 0.08925944782231661, 0.7071938734213162, 1.6639629548355288, 3.1043384075164795, 0.0
-12.9620125422622, 6.670613959497414, 2.3, 0.08925944782231661, 0.6936564474177648, 1.6764925317657469, 3.1043384075164795, 0.0
-13.062012542262199, 6.67434111805782, 2.3, 0.08925944782231661, 0.6788452366331249, 1.6899346966333368, 3.1043384075164795, 0.0
-13.162012542262199, 6.678068276618224, 2.3, 0.08925944782231661, 0.6626879686117652, 1.7050562454890588, 3.1213529109954834, 0.0
-13.246137677443448, 6.678068276618224, 2.3, 0.12603245192729332, 0.6458287420262082, 1.7221947172271737, -3.10992431640625, 0.0
-13.346137677443448, 6.672235376875789, 2.3, 0.12603245192729332, 0.6173789599750342, 1.7490166747404567, -3.083329677581787, 0.0
-13.446137677443447, 6.666402477133355, 2.3, 0.12603245192729332, 0.5873227607488197, 1.7788624680780962, -3.083329677581787, 0.0
-13.546137677443447, 6.66056957739092, 2.3, 0.12603245192729332, 0.5566764029672477, 1.8093992146425895, -3.083329677581787, 0.0
-13.646137677443447, 6.6547366776484855, 2.3, 0.12603245192729332, 0.5258198550312875, 1.8413657713843061, -3.083329677581787, 0.0
-13.746137677443446, 6.6489037779060505, 2.3, 0.12603245192729332, 0.4941287472700937, 1.874566949955059, -3.09302020072937, 0.0
-13.76612975121865, 6.6489037779060505, 2.3, 0.16267202256440697, 0.4909327252322096, 1.8800398199343598, -3.0212669372558594, 0.0
-13.866129751218649, 6.634395569136413, 2.3, 0.16267202256440697, 0.45205909767133073, 1.9216289359151493, -2.997515916824341, 0.0
-13.966129751218649, 6.619887360366776, 2.3, 0.16267202256440697, 0.4158478798524131, 1.962128537652133, -2.997515916824341, 0.0
-14.066129751218648, 6.605379151597138, 2.3, 0.16267202256440697, 0.3835191896525129, 1.9979088889946128, -2.997515916824341, 0.0
-14.166129751218648, 6.5908709428275, 2.3, 0.16267202256440697, 0.35620198642185846, 2.02963450406814, -2.997515916824341, 0.0
-14.266129751218648, 6.576362734057863, 2.3, 0.16267202256440697, 0.33500970025281246, 2.0599985970461128, -3.0443038940429688, 0.0
-14.314784180192245, 6.576362734057863, 2.3, 0.21073392789786496, 0.3291608964774471, 2.067391648045159, -2.9564225673675537, 0.0
-14.414784180192244, 6.548517384091453, 2.3, 0.21073392789786496, 0.3020542717532145, 2.1099785142517864, -2.870018482208252, 0.0
-14.514784180192244, 6.5206720341250435, 2.3, 0.21073392789786496, 0.28368223747880944, 2.152694970508719, -2.870018482208252, 0.0
-14.614784180192244, 6.492826684158634, 2.3, 0.21073392789786496, 0.2714300783424025, 2.195790767048844, -2.870018482208252, 0.0
-14.714784180192243, 6.464981334192224, 2.3, 0.21073392789786496, 0.2654566996807411, 2.238834440464018, -2.974033832550049, 0.0
-14.779408488652743, 6.464981334192224, 2.3, 0.3153785663900296, 0.285166773302767, 2.2489648964428413, -2.8586010932922363, 0.0
-14.879408488652743, 6.417109242324407, 2.3, 0.3153785663900296, 0.27888775728481024, 2.3131919989977945, -2.695112705230713, 0.0
-14.979408488652743, 6.3692371504565894, 2.3, 0.3153785663900296, 0.2820520628430556, 2.377878507720467, -2.695112705230713, 0.0
-15.079408488652742, 6.321365058588772, 2.3, 0.3153785663900296, 0.2893856596385684, 2.4428734662785714, -2.891705274581909, 0.0
-15.166978861213238, 6.321365058588772, 2.3, 0.4913801565509846, 0.3346636388498901, 2.459900177604468, -2.69164776802063, 0.0
-15.266978861213238, 6.230770988335962, 2.3, 0.4913801565509846, 0.3230769246907686, 2.412590860397408, -2.4055051803588867, 0.0
-15.366978861213237, 6.140176918083151, 2.3, 0.4913801565509846, 0.3216433172191419, 2.305213185597276, -2.465949296951294, 0.0
-15.38001221367904, 6.140176918083151, 2.3, 0.6851946292380409, 0.3309967192166123, 2.2922101771544527, -2.394205331802368, 0.0
-15.48001221367904, 6.035425717271453, 2.28, 0.6851946292380409, 0.3312232761650777, 2.1848860212720815, -2.332993984222412, 0.0
-15.580012213679039, 5.930674516459755, 2.26, 0.6851946292380409, 0.34231996652484137, 2.080140419753412, -2.171786069869995, 0.0
-15.580012213679039, 5.8895661235214884, 2.2399999999999998, 0.8098664572789864, 0.3159424492762333, 2.0796175831976256, -2.062839984893799, 0.0
-15.655648571333792, 5.789566123521489, 2.2199999999999998, 0.8098664572789864, 0.31961754929676406, 2.0033376244374193, -2.218357801437378, 0.0
-15.731284928988547, 5.689566123521489, 2.1999999999999997, 0.8098664572789864, 0.3306703282684381, 1.9299833607493413, -1.9785001277923584, 0.0
-15.731284928988547, 5.614443048371505, 2.1799999999999997, 0.6934686215681942, 0.2920833811235499, 1.9320829871632177, -1.851932406425476, 0.0
-15.781857802162431, 5.514443048371505, 2.16, 0.6934686215681942, 0.29117820976602377, 1.8857176869382435, -2.0390164852142334, 0.0
-15.832430675336315, 5.414443048371505, 2.1399999999999997, 0.6934686215681942, 0.29698116951816966, 1.8227170069804546, -1.9963990449905396, 0.0
-15.832430675336315, 5.4028793867205245, 2.12, 0.40053297369943597, 0.2928329838436899, 1.8206757705261603, -1.7906664609909058, 0.0
-15.857363269026582, 5.302879386720525, 2.0999999999999996, 0.40053297369943597, 0.28157702853934663, 1.7763324662038198, -1.8151404857635498, 0.0
-15.882295862716848, 5.202879386720525, 2.08, 0.40053297369943597, 0.27658173684073595, 1.732145727835185, -1.8151404857635498, 0.0
-15.907228456407115, 5.1028793867205255, 2.06, 0.40053297369943597, 0.27719559931018, 1.6900219899905016, -1.7369277477264404, 0.0
-15.907228456407115, 5.054185117815763, 2.04, 0.1721052079180298, 0.2652967337984821, 1.6817335171167507, -1.713160514831543, 0.0
-15.92854138032765, 4.954185117815763, 2.02, 0.1721052079180298, 0.26789450044569707, 1.6466678950517093, -1.7807836532592773, 0.0
-15.949854304248182, 4.854185117815764, 2.0, 0.1721052079180298, 0.27485417752780367, 1.6125551880029945, -1.7807836532592773, 0.0
-15.971167228168717, 4.754185117815764, 1.98, 0.1721052079180298, 0.28547160511927766, 1.5806900074380164, -1.6927423477172852, 0.0
-15.971167228168717, 4.680278957293865, 1.96, 0.04888361421765018, 0.2825782495200311, 1.5748748732071074, -1.6862672567367554, 0.0
-15.991338069877575, 4.580278957293865, 1.94, 0.04888361421765018, 0.2969994170928221, 1.5465847758500184, -1.769834041595459, 0.0
-16.011508911586432, 4.480278957293866, 1.92, 0.04888361421765018, 0.31254008673533235, 1.5199348286660823, -1.769834041595459, 0.0
-16.03167975329529, 4.380278957293866, 1.9, 0.04888361421765018, 0.32866314318445716, 1.494041965646161, -1.6779484748840332, 0.0
-16.03167975329529, 4.292755024901901, 1.88, 5.8160272183881586e-05, 0.3243453663438874, 1.4889366408720237, -1.6928026676177979, 0.0
-16.054673054722606, 4.192755024901901, 1.8599999999999999, 5.8160272183881586e-05, 0.3441646251581623, 1.4592231868481826, -1.7968010902404785, 0.0
-16.077666356149926, 4.092755024901901, 1.8399999999999999, 5.8160272183881586e-05, 0.363345511336493, 1.4285898071442982, -1.7968010902404785, 0.0
-16.100659657577243, 3.9927550249019017, 1.8199999999999998, 5.8160272183881586e-05, 0.3812249358086057, 1.397284513741311, -1.7807072401046753, 0.0
-16.100659657577243, 3.9848302498204404, 1.7999999999999998, 0.022404826687476, 0.381533650493039, 1.3967501185698612, -1.7266345024108887, 0.0
-16.117615938711534, 3.8848302498204403, 1.78, 0.022404826687476, 0.3906666955184922, 1.3710353648408358, -1.7387615442276, 0.0
-16.13457221984583, 3.7848302498204403, 1.76, 0.022404826687476, 0.3984191148794802, 1.3451446157706788, -1.7387615442276, 0.0
-16.15152850098012, 3.68483024982044, 1.74, 0.022404826687476, 0.4048374124279807, 1.3193264159676965, -1.7387615442276, 0.0
-16.16848478211441, 3.58483024982044, 1.72, 0.022404826687476, 0.40996823227326684, 1.293794175785787, -1.7079991102218628, 0.0
-16.16848478211441, 3.5620211656795133, 1.7, 0.06655647207611824, 0.4061599281388806, 1.2924316281267134, -1.68988037109375, 0.0
-16.183178903580806, 3.4620211656795132, 1.68, 0.06655647207611824, 0.40784203896135274, 1.2694065399211518, -1.7166935205459595, 0.0
-16.1978730250472, 3.362021165679513, 1.66, 0.06655647207611824, 0.4083641453968361, 1.2465392027842024, -1.7166935205459595, 0.0
-16.212567146513596, 3.262021165679513, 1.64, 0.06655647207611824, 0.40778667778054606, 1.2237193985372228, -1.7166935205459595, 0.0
-16.22726126797999, 3.162021165679513, 1.6199999999999999, 0.06655647207611824, 0.40617682729115373, 1.2008368986070252, -1.6809545755386353, 0.0
-16.22726126797999, 3.1291701348954897, 1.6, 0.10845306533299336, 0.40280989132640654, 1.197944061768113, -1.6452969312667847, 0.0
-16.237177100031076, 3.0291701348954896, 1.58, 0.10845306533299336, 0.39397944154268144, 1.1794686726800812, -1.6696316003799438, 0.0
-16.24709293208216, 2.9291701348954895, 1.56, 0.10845306533299336, 0.38412932934607985, 1.1608493375587643, -1.6696316003799438, 0.0
-16.257008764133243, 2.8291701348954894, 1.54, 0.10845306533299336, 0.3737220145730879, 1.1422786573302433, -1.6696316003799438, 0.0
-16.266924596184328, 2.7291701348954893, 1.52, 0.10845306533299336, 0.36351492074305575, 1.123949521600568, -1.6451388597488403, 0.0
-16.266924596184328, 2.696035679300919, 1.5, 0.16571379848756376, 0.3571693006072622, 1.1206067448760744, -1.589586853981018, 0.0
-16.269426550321267, 2.5960356793009187, 1.5, 0.16571379848756376, 0.34120243597499217, 1.1100532549157696, -1.5958106517791748, 0.0
-16.27192850445821, 2.4960356793009186, 1.5, 0.16571379848756376, 0.32682868049968145, 1.1001247556461955, -1.5958106517791748, 0.0
-16.27443045859515, 2.3960356793009185, 1.5, 0.16571379848756376, 0.31465572156713467, 1.090942258746567, -1.5958106517791748, 0.0
-16.276932412732087, 2.2960356793009185, 1.5, 0.16571379848756376, 0.3052527427201181, 1.0820893801285432, -1.5915876626968384, 0.0
-16.276932412732087, 2.275716378940385, 1.5, 0.23861098652102272, 0.3042447682372324, 1.0804823395819703, -1.4949314594268799, 0.0
-16.26778685525261, 2.1757163789403853, 1.5, 0.23861098652102272, 0.2866030581421197, 1.082908514094368, -1.4795944690704346, 0.0
-16.25864129777313, 2.0757163789403847, 1.5, 0.23861098652102272, 0.2726672832784431, 1.084343455744217, -1.4795944690704346, 0.0
-16.249495740293657, 1.9757163789403849, 1.5, 0.23861098652102272, 0.26311984553412154, 1.0839531266942315, -1.4795944690704346, 0.0
-16.24035018281418, 1.8757163789403848, 1.5, 0.23861098652102272, 0.25889026459542125, 1.0785596333221026, -1.5212818384170532, 0.0
-16.24035018281418, 1.7911628857830804, 1.5, 0.3052645680704167, 0.2652132693888965, 1.0644757216040612, -1.4168798923492432, 0.0
-16.211717912228966, 1.6911628857830803, 1.5, 0.3052645680704167, 0.24306630130001156, 1.0748071218804638, -1.2919342517852783, 0.0
-16.18308564164375, 1.5911628857830802, 1.5, 0.3052645680704167, 0.2267322268045214, 1.085035233847653, -1.2919342517852783, 0.0
-16.154453371058537, 1.49116288578308, 1.5, 0.3052645680704167, 0.2182721478105826, 1.0962421262244353, -1.366883397102356, 0.0
-16.154453371058537, 1.4527002768637, 1.5, 0.35461264924153507, 0.22086036662044564, 1.0904849862601091, -1.2774027585983276, 0.0
-16.112622108725272, 1.3527002768637, 1.5, 0.35461264924153507, 0.20302327238667753, 1.1169691087580875, -1.1746035814285278, 0.0
-16.07079084639201, 1.2527002768637, 1.5, 0.35461264924153507, 0.19252248675101444, 1.1465109197188172, -1.1746035814285278, 0.0
-16.028959584058747, 1.1527002768636998, 1.5, 0.35461264924153507, 0.16987358610926157, 1.178842797080462, -1.3535304069519043, 0.0
-16.028959584058747, 1.0632045127877574, 1.5, 0.40859520044886294, 0.19169716862174807, 1.171607007428786, -1.1827871799468994, 0.0
-15.951507060366069, 0.9632045127877574, 1.5, 0.40859520044886294, 0.15119283216321366, 1.090068755468106, -0.9117829203605652, 0.0
-15.874054536673391, 0.8632045127877574, 1.5, 0.40859520044886294, 0.11650178516811267, 0.9766500265221381, -1.041467308998108, 0.0
-15.874054536673391, 0.8308106510991335, 1.5, 0.5193863356400973, 0.12954744296471082, 0.9447536273811562, -0.9781284928321838, 0.0
-15.784897009355179, 0.7308106510991336, 1.5, 0.5193863356400973, 0.10432120618798121, 0.8334601472038867, -0.8426553010940552, 0.0
-15.695739482036966, 0.6308106510991336, 1.5, 0.5193863356400973, 0.09833532294511704, 0.7230651499782325, -0.9542824625968933, 0.0
-15.595739482036967, 0.4638875072834161, 1.5, 0.7837909286557956, 0.21701314706820146, 0.5505600265601044, -0.7147092819213867, 0.0
-15.503376415917929, 0.4638875072834161, 1.5, 1.2838408801531924, 0.22665847284074636, 0.5433890398700195, -0.21432699263095856, 0.0
-15.40337641591793, 0.4220157969960295, 1.5, 1.2838408801531924, 0.2955799863252794, 0.49738766665191875, -0.3965369760990143, 0.0
-15.30337641591793, 0.38014408670864286, 1.5, 1.2838408801531924, 0.3832329233852265, 0.45291155401308064, -0.374420166015625, 0.0
-15.296820976436459, 0.38014408670864286, 1.5, 1.701338206394987, 0.3871514149217424, 0.4530030582056675, -0.018907994031906128, 0.0
-15.19682097643646, 0.37812909700017705, 1.5, 1.701338206394987, 0.44954393636327833, 0.4482567606866375, -0.0201471708714962, 0.0
-15.09682097643646, 0.37611410729171124, 1.5, 1.701338206394987, 0.5203732638746009, 0.44209604600736735, -0.019383510574698448, 0.0
-15.092880189613227, 0.37611410729171124, 1.5, 1.7642957275565774, 0.5233068218450979, 0.4422039039668769, 0.5387986302375793, 0.0
-14.992880189613228, 0.43824967846201646, 1.5, 1.7642957275565774, 0.5627740543282255, 0.4979344720108248, 0.3245411813259125, 0.0
-14.908193053684766, 0.43824967846201646, 1.5, 1.556489078119096, 0.6317829701935707, 0.4907615321169546, 0.5613057613372803, 0.0
-14.808193053684766, 0.5543754167472531, 1.5, 1.556489078119096, 0.6606737891132817, 0.5948242203342528, 0.6194791197776794, 0.0
-14.74535194011629, 0.5543754167472531, 1.5, 1.2217326171306213, 0.716857967211569, 0.587647034621619, 0.4734370708465576, 0.0
-14.612993940200056, 0.6543754167472531, 1.5, 1.2217326171306213, 0.7969059010792764, 0.6669083934667063, 0.8824765682220459, 0.0
-14.612993940200056, 0.7152940147325799, 1.5, 0.925748414938624, 0.7757382326913016, 0.7271138871901535, 0.9892616271972656, 0.0
-14.507211828119797, 0.8152940147325799, 1.5, 0.925748414938624, 0.8404961092291471, 0.7645116580036418, 1.0611953735351562, 0.0
-14.507211828119797, 0.9045844689055301, 1.5, 0.8048515062671125, 0.8140137804633752, 0.810732821849754, 1.3817143440246582, 0.0
-14.47098768423988, 1.00458446890553, 1.5, 0.8048515062671125, 0.8205345808814728, 0.8246840858404886, 1.2232578992843628, 0.0
-14.434763540359963, 1.10458446890553, 1.5, 0.8048515062671125, 0.8278151580012337, 0.8257763790225351, 1.2554093599319458, 0.0
-14.434763540359963, 1.1156069343793218, 1.5, 0.7146738526643267, 0.8251629448930254, 0.8289704402385593, 1.4155727624893188, 0.0
-14.41739048192416, 1.2156069343793219, 1.5, 0.7146738526643267, 0.8188419707513764, 0.8262882329951787, 1.3987826108932495, 0.0
-14.400017423488357, 1.315606934379322, 1.5, 0.7146738526643267, 0.8149534343085834, 0.8152032145578825, 1.4327406883239746, 0.0
-14.400017423488357, 1.3406474555782313, 1.5, 0.4900800936940241, 0.8100575824351005, 0.8171927225368839, 1.5297436714172363, 0.0
-14.394881291041596, 1.4406474555782314, 1.5, 0.4900800936940241, 0.7936901437099749, 0.8167041194697218, 1.5194801092147827, 0.0
-14.389745158594835, 1.5406474555782315, 1.5, 0.4900800936940241, 0.780483522998452, 0.8168929233578773, 1.5333373546600342, 0.0
-14.389745158594835, 1.577696885750118, 1.5, 0.27314079742910946, 0.7745339543503666, 0.8211942682484715, 1.5861766338348389, 0.0
-14.391853181399945, 1.677696885750118, 1.5, 0.27314079742910946, 0.7572592212833524, 0.8315112948594915, 1.5918734073638916, 0.0
-14.393961204205054, 1.777696885750118, 1.5, 0.27314079742910946, 0.7432994274830111, 0.8466956428525585, 1.5848169326782227, 0.0
-14.393961204205054, 1.8280386710933247, 1.5, 0.14680205306164054, 0.7359237230252984, 0.8549533256528504, 1.6209362745285034, 0.0
-14.401505651679827, 1.9280386710933248, 1.5, 0.14680205306164054, 0.7185128595928851, 0.8795268775320051, 1.6460981369018555, 0.0
-14.409050099154602, 2.028038671093325, 1.5, 0.14680205306164054, 0.7032112030203944, 0.9065118167600201, 1.6184699535369873, 0.0
-14.409050099154602, 2.086170683758069, 1.5, -0.011142342584020352, 0.6980126201725289, 0.9190654036865334, 1.6295652389526367, 0.0
-14.418354053245777, 2.186170683758069, 1.5, -0.011142342584020352, 0.6824307799134466, 0.9481723631378949, 1.6635687351226807, 0.0
-14.427658007336952, 2.286170683758069, 1.5, -0.011142342584020352, 0.6680121498190363, 0.9739153560200183, 1.624077558517456, 0.0
-14.427658007336952, 2.360625116422986, 1.5, -0.1970648461797694, 0.6648105435190794, 0.9833837366995998, 1.572185754776001, 0.0
-14.427900403831774, 2.460625116422986, 1.5, -0.1970648461797694, 0.6597644305674969, 0.9931665157704834, 1.5732202529907227, 0.0
-14.428142800326595, 2.5606251164229863, 1.5, -0.1970648461797694, 0.6541288201218491, 1.0007974389296457, 1.5721361637115479, 0.0
-14.428142800326595, 2.6415428374439935, 1.5, -0.3692304944872461, 0.6484489112722125, 1.0050701161917193, 1.4974857568740845, 0.0
-14.41485580939047, 2.7415428374439936, 1.5, -0.3692304944872461, 0.6531145619903121, 0.9976109552359446, 1.4387001991271973, 0.0
-14.401568818454345, 2.8415428374439937, 1.5, -0.3692304944872461, 0.6523779524902465, 0.9906787197032902, 1.4986257553100586, 0.0
-14.401568818454345, 2.9253286030332393, 1.5, -0.5105853532493922, 0.6400359988280387, 0.9971197256160651, 1.3758604526519775, 0.0
-14.365281564804334, 3.0253286030332394, 1.5, -0.5105853532493922, 0.6595841541306132, 0.9711537370446826, 1.2227001190185547, 0.0
-14.328994311154325, 3.1253286030332394, 1.5, -0.5105853532493922, 0.6789573228245982, 0.9481147167024127, 1.365409016609192, 0.0
-14.328994311154325, 3.1995144362530925, 1.5, -0.5819372860449633, 0.6675520325256024, 0.9573864306460206, 1.2557176351547241, 0.0
-14.27222078330195, 3.2995144362530926, 1.5, -0.5819372860449633, 0.7079461503133144, 0.919479717269728, 1.054438829421997, 0.0
-14.215447255449574, 3.3995144362530927, 1.5, -0.5819372860449633, 0.7498183267619263, 0.8864540140028367, 1.2172592878341675, 0.0
-14.215447255449574, 3.453354712116193, 1.5, -0.6111581904247703, 0.7420660222927602, 0.89796134666167, 1.1150661706924438, 0.0
-14.140043667118466, 3.5533547121161932, 1.5, -0.6111581904247703, 0.804674008292443, 0.8545683868504255, 0.9247172474861145, 0.0
-14.064640078787356, 3.6533547121161933, 1.5, -0.6111581904247703, 0.8696171580717763, 0.8141527247983912, 1.0248613357543945, 0.0
-14.064640078787356, 3.6774705364586944, 1.5, -0.634629839798108, 0.867500041994183, 0.8236118882611855, 0.5946528315544128, 0.0
-13.881122420982324, 3.7774705364586945, 1.5, -0.634629839798108, 1.0431016969826854, 0.6945575628572375, 0.8161283135414124, 0.0
-13.881122420982324, 3.8726286169443513, 1.5, -0.6135763437652868, 1.039406124625826, 0.7364218747331593, 1.060342788696289, 0.0
-13.781122420982324, 3.9560565557380154, 1.5, -0.6135763437652868, 1.1358150775090206, 0.6960247533278496, 0.6952963471412659, 0.0
-13.681122420982325, 4.0394844945316795, 1.5, -0.6135763437652868, 1.1151058390079884, 0.6605158163384858, 0.6005679965019226, 0.0
-13.659324646541995, 4.0394844945316795, 1.5, -0.5486766304374919, 1.109535996033972, 0.6438978670050892, 0.5179963707923889, 0.0
-13.559324646541995, 4.108897579078416, 1.5, -0.5486766304374919, 1.016015723927089, 0.6139840809142761, 0.6067760586738586, 0.0
-13.459324646541996, 4.178310663625153, 1.5, -0.5486766304374919, 0.9213215808390426, 0.5994380141260308, 0.415396511554718, 0.0
-13.401947592479504, 4.178310663625153, 1.5, -0.4782120103248367, 0.9054827198781356, 0.5621111412259594, 0.32528847455978394, 0.0
-13.301947592479504, 4.231389066973934, 1.5, -0.4782120103248367, 0.8251232769438955, 0.5475466785071348, 0.4879704713821411, 0.0
-13.201947592479504, 4.284467470322715, 1.5, -0.4782120103248367, 0.7433785712876115, 0.5449764297137487, 0.2669880986213684, 0.0
-13.107889570754796, 4.284467470322715, 1.5, -0.3937832911436967, 0.7139271030929254, 0.507706172661427, 0.12435787171125412, 0.0
-13.007889570754797, 4.308725290092442, 1.5, -0.3937832911436967, 0.6593684850957399, 0.4951395242889376, 0.23798133432865143, 0.0
-12.907889570754797, 4.3329831098621705, 1.5, -0.3937832911436967, 0.6050574327389528, 0.49533328921679365, 0.23798133432865143, 0.0
-12.807889570754798, 4.357240929631898, 1.5, -0.3937832911436967, 0.5514046515050481, 0.49770075945675796, 0.1863473355770111, 0.0
-12.779224563312292, 4.357240929631898, 1.5, -0.3117308777026882, 0.5431104145257636, 0.4953363726301712, 0.09967120736837387, 0.0
-12.679224563312292, 4.370107762364861, 1.5, -0.3117308777026882, 0.5011010177030539, 0.4946485049723202, 0.12796524167060852, 0.0
-12.579224563312293, 4.382974595097823, 1.5, -0.3117308777026882, 0.4604536782299219, 0.5030042706531164, 0.12796524167060852, 0.0
-12.479224563312293, 4.395841427830787, 1.5, -0.3117308777026882, 0.4214134204818975, 0.5188154326691446, 0.08209583908319473, 0.0
-12.422847409049885, 4.395841427830787, 1.5, -0.24532041484807846, 0.40862987200871326, 0.5178665730503695, 0.013060161843895912, 0.0
-12.322847409049885, 4.397883854938142, 1.5, -0.24532041484807846, 0.38118974091421987, 0.5290797572077567, 0.020421432331204414, 0.0
-12.222847409049885, 4.399926282045498, 1.5, -0.24532041484807846, 0.3547600297646811, 0.543511892047782, 0.020421432331204414, 0.0
-12.122847409049886, 4.401968709152853, 1.5, -0.24532041484807846, 0.3290924402255207, 0.5594757986459037, 0.011564492247998714, 0.0
-12.046243371492478, 4.401968709152853, 1.5, -0.21164193415362192, 0.3107065563751072, 0.5728687822702166, -0.04213510453701019, 0.0
-11.946243371492479, 4.3945230730981635, 1.5, -0.21164193415362192, 0.29525805849793024, 0.5856258430608177, -0.07431922852993011, 0.0
-11.846243371492479, 4.387077437043473, 1.5, -0.21164193415362192, 0.27986159018653134, 0.5991967622341494, -0.07431922852993011, 0.0
-11.74624337149248, 4.379631800988784, 1.5, -0.21164193415362192, 0.26426617008115344, 0.6121148162064088, -0.03924385830760002, 0.0
-11.656613359048562, 4.379631800988784, 1.5, -0.22083388313922267, 0.24413905992365917, 0.6290707854769054, -0.10213799774646759, 0.0
-11.556613359048562, 4.360195737896027, 1.5, -0.22083388313922267, 0.23890416031894865, 0.6270735639347723, -0.19196724891662598, 0.0
-11.456613359048562, 4.34075967480327, 1.5, -0.22083388313922267, 0.23267348107527833, 0.6240413719163, -0.19196724891662598, 0.0
-11.356613359048563, 4.321323611710514, 1.5, -0.22083388313922267, 0.22518214814820672, 0.620358100085803, -0.10083114355802536, 0.0
-11.264508529496561, 4.321323611710514, 1.5, -0.24374977583836144, 0.20066906966870804, 0.6343890813416999, -0.16492429375648499, 0.0
-11.164508529496562, 4.289350439820286, 1.5, -0.24374977583836144, 0.20205879713573227, 0.618136881154487, -0.3094595670700073, 0.0
-11.064508529496562, 4.257377267930058, 1.5, -0.24374977583836144, 0.20259341739740053, 0.6023070543927962, -0.3094595670700073, 0.0
-10.964508529496563, 4.22540409603983, 1.5, -0.24374977583836144, 0.20262608427675283, 0.5868851893381823, -0.17306749522686005, 0.0
-10.881612786693045, 4.22540409603983, 1.5, -0.26548670784174694, 0.17860541921951403, 0.6008023730977313, -0.23658636212348938, 0.0
-10.781612786693046, 4.1813076336274415, 1.5, -0.26548670784174694, 0.18918263592565582, 0.5738287582555853, -0.41531476378440857, 0.0
-10.681612786693046, 4.137211171215053, 1.5, -0.26548670784174694, 0.200665900752768, 0.547058979766997, -0.41531476378440857, 0.0
-10.581612786693047, 4.093114708802665, 1.5, -0.26548670784174694, 0.21333656419667593, 0.5204246833965228, -0.26805949211120605, 0.0
-10.521069422395836, 4.093114708802665, 1.5, -0.2930182331623872, 0.20068347055442537, 0.5336454514468395, -0.32777756452560425, 0.0
-10.421069422395837, 4.038522966910253, 1.5, -0.2930182331623872, 0.22382493944551518, 0.4892961656606399, -0.49970337748527527, 0.0
-10.321069422395837, 3.9839312250178405, 1.5, -0.2930182331623872, 0.24978642595601583, 0.4519521885616312, -0.49970337748527527, 0.0
-10.221069422395837, 3.9293394831254282, 1.5, -0.2930182331623872, 0.2786553184967767, 0.4200200478177343, -0.39931151270866394, 0.0
-10.191699553974031, 3.9293394831254282, 1.5, -0.33222576686045496, 0.27104131728911346, 0.4265565918982156, -0.631378173828125, 0.0
-10.091699553974031, 3.8347406500439374, 1.5, -0.33222576686045496, 0.3433759878048679, 0.3650379322428027, -0.7576498985290527, 0.0
-9.991699553974032, 3.7401418169624465, 1.5, -0.33222576686045496, 0.41861572948342834, 0.3167208858932525, -0.4704870581626892, 0.0
-9.905693304561277, 3.7401418169624465, 1.5, -0.411064825529145, 0.4037319079983854, 0.35821635375377275, -0.49790656566619873, 0.0
-9.805693304561277, 3.639031169731589, 1.5, -0.411064825529145, 0.4872779727160609, 0.3326613495130374, -0.7909206748008728, 0.0
-9.705693304561278, 3.5379205225007313, 1.5, -0.411064825529145, 0.5706697459665601, 0.3337104773719222, -0.7055745720863342, 0.0
-9.671594305007746, 3.524797214468602, 1.5, -0.5785295224242353, 0.5765956046635405, 0.3535280981130148, -0.7503358721733093, 0.0
-9.58434553137777, 3.424797214468602, 1.5, -0.5785295224242353, 0.6564141883506369, 0.3759626347480678, -0.8533909916877747, 0.0
-9.497096757747792, 3.3247972144686018, 1.5, -0.5785295224242353, 0.7321686037987981, 0.42151543305989586, -0.9145625829696655, 0.0
-9.497096757747792, 3.311500020170098, 1.5, -0.928959699595537, 0.7446964369444836, 0.4162944170166393, -1.1384992599487305, 0.0
-9.44482096018072, 3.211500020170098, 1.5, -0.928959699595537, 0.8219815620594771, 0.44129645591316846, -1.0891085863113403, 0.0
-9.392545162613649, 3.111500020170098, 1.5, -0.928959699595537, 0.8897018102858184, 0.4765383293605006, -1.1278473138809204, 0.0
-9.392545162613649, 3.1013037528374805, 1.5, -1.4186517698323577, 0.8981828409570701, 0.47535119981206075, -1.4755373001098633, 0.0
-9.382016101165497, 3.0013037528374804, 1.5, -1.4186517698323577, 0.9707001821020353, 0.4857575280116362, -1.4658921957015991, 0.0
-9.371487039717346, 2.9013037528374803, 1.5, -1.4186517698323577, 0.9127889406811343, 0.49529695457795364, -1.515598177909851, 0.0
-9.371487039717346, 2.8107472289277458, 1.5, -1.5196932194506565, 0.8266366190079577, 0.5108683690119429, -1.769423246383667, 0.0
-9.40984243731146, 2.7107472289277457, 1.5, -1.5196932194506565, 0.7370428432656323, 0.4881834132325249, -1.7938878536224365, 0.0
-9.40984243731146, 2.6416822628940433, 1.5, -1.4100509950279103, 0.668592129415238, 0.5102591473665347, -2.0031914710998535, 0.0
-9.48786981420075, 2.541682262894043, 1.5, -1.4100509950279103, 0.577671191769627, 0.46799499470212697, -2.0680997371673584, 0.0
-9.48786981420075, 2.4979341766030863, 1.5, -1.4051465519377158, 0.5342328790051336, 0.48735820142040426, -2.2767791748046875, 0.0
-9.610424800644106, 2.397934176603086, 1.5, -1.4051465519377158, 0.43420131026581676, 0.4272951528333449, -2.636934995651245, 0.0
-9.668909279885067, 2.397934176603086, 1.5, -1.2044270512201454, 0.43327853495020024, 0.37989714834924665, -2.5213565826416016, 0.0
-9.768909279885067, 2.284734207252601, 1.5, -1.2044270512201454, 0.3144824307287467, 0.37104003705865296, -2.5888924598693848, 0.0
-9.85242916274796, 2.284734207252601, 1.5, -0.788217862951842, 0.30850026142429327, 0.31720920473699055, -2.6757192611694336, 0.0
-9.95242916274796, 2.192463088696438, 1.5, -0.788217862951842, 0.20794979839394093, 0.3191533591920817, -2.4157843589782715, 0.0
-9.956408691323666, 2.192463088696438, 1.5, -0.3965685858159653, 0.20835633796379596, 0.3172061393537219, -2.764918088912964, 0.0
-10.056408691323666, 2.151332750929969, 1.5, -0.3965685858159653, 0.1597996267989783, 0.2927241015351377, -2.751380205154419, 0.0
-10.156408691323666, 2.1102024131635, 1.5, -0.3965685858159653, 0.11405152797630642, 0.28572620289044065, -2.8065991401672363, 0.0
-10.174560622594122, 2.1102024131635, 1.5, -0.1322972209747457, 0.11949225484258932, 0.2777007130141421, -2.8123390674591064, 0.0
-10.274560622594121, 2.069830945541618, 1.5, -0.1322972209747457, 0.0831416871753999, 0.2888867321743132, -2.757888078689575, 0.0
-10.374560622594121, 2.0294594779197364, 1.5, -0.1322972209747457, 0.059693508440821864, 0.30682256789032314, -2.8291242122650146, 0.0
-10.399529752516719, 2.0294594779197364, 1.5, 0.042219851937158305, 0.046068303911751915, 0.30684581965307345, -2.8093833923339844, 0.0
-10.499529752516718, 1.986345740572759, 1.5, 0.042219851937158305, 0.02204339162100469, 0.34424090988144257, -2.7345352172851562, 0.0
-10.599529752516718, 1.9432320032257815, 1.5, 0.042219851937158305, 0.007474261376221669, 0.40231108447109076, -2.8188037872314453, 0.0
-10.628424689257717, 1.9432320032257815, 1.5, 0.20930076724032323, 0.021493855428915513, 0.4046939162976501, -2.7754323482513428, 0.0
-10.728424689257716, 1.8938069402461895, 1.5, 0.20930076724032323, 0.03216961214669466, 0.4748572656047792, -2.6825551986694336, 0.0
-10.828424689257716, 1.8443818772665974, 1.5, 0.20930076724032323, 0.04383410636745723, 0.55143927490837, -2.746182680130005, 0.0
-10.846838414681631, 1.8443818772665974, 1.5, 0.36342361555269204, 0.0417603621193598, 0.5568017195428676, -2.6588168144226074, 0.0
-10.94683841468163, 1.7823160282345585, 1.5, 0.36342361555269204, 0.028617553175617823, 0.6509910605801239, -2.5861213207244873, 0.0
-11.04683841468163, 1.7202501792025195, 1.5, 0.36342361555269204, 0.021728093999654714, 0.7437493337772474, -2.8363261222839355, 0.0
-11.143800181932576, 1.7202501792025195, 1.5, 0.4979497554834876, 0.07793984109161019, 0.7789191938049089, -2.512946605682373, 0.0
-11.243800181932576, 1.5770505298878077, 1.5, 0.4979497554834876, 0.0938831400061081, 0.932205956155542, -2.0133566856384277, 0.0
-11.243800181932576, 1.5092406365672282, 1.5, 0.6418847858368311, 0.05969062672341976, 1.0000088509869467, -2.340480327606201, 0.0
-11.406417228035679, 1.409240636567228, 1.5, 0.6418847858368311, 0.19822319395036228, 1.1029654589365427, -2.287513494491577, 0.0
-11.406417228035679, 1.3225983495181766, 1.5, 0.8227822285711219, 0.19350561562205218, 1.189529924319231, -2.1853199005126953, 0.0
-11.538125735992486, 1.2225983495181765, 1.5, 0.8227822285711219, 0.3210100938687529, 1.1069381776878695, -2.228886604309082, 0.0
-11.538125735992486, 1.1522230889020768, 1.5, 1.516315846091084, 0.31968697657854817, 1.074654899998854, -1.7961924076080322, 0.0
-11.577191468166033, 1.0522230889020767, 1.5, 1.516315846091084, 0.3731378773643714, 0.9715486282164687, -1.7769969701766968, 0.0
-11.577191468166033, 0.965460905951734, 1.5, 1.5602671928305851, 0.3811480708366633, 0.8850541092223655, -1.5348259210586548, 0.0
-11.570470654888256, 0.865460905951734, 1.5, 1.5602671928305851, 0.39937328105697467, 0.7860871234333973, -1.5305284261703491, 0.0
-11.570470654888256, 0.7986485737920115, 1.5, 1.0181811250558275, 0.4167501863343933, 0.7196490979313553, -1.426270604133606, 0.0
-11.546192716541885, 0.6986485737920115, 1.5, 1.0181811250558275, 0.4312194316523813, 0.623935692106535, -1.417858600616455, 0.0
-11.546192716541885, 0.6411442513269742, 1.5, 1.424791623453545, 0.4535930938115663, 0.5673130563486869, -1.1565234661102295, 0.0
-11.476934797091811, 0.5411442513269742, 1.5, 1.424791623453545, 0.4442452445657282, 0.4760861020815561, -1.1052027940750122, 0.0
-11.476934797091811, 0.5032996565299844, 1.5, 1.5492653410562673, 0.4639433837644598, 0.43877174763455057, -0.8802653551101685, 0.0
-11.363043571173089, 0.40329965652998445, 1.5, 1.5492653410562673, 0.4415805069504392, 0.35996874693776726, -0.8012980222702026, 0.0
-11.263043571173089, 0.28249626032009645, 1.5, 1.2571543797968014, 0.4712412003703736, 0.26248787958495867, -0.6494502425193787, 0.0
-11.203953012365291, 0.28249626032009645, 1.5, 0.9416465590099483, 0.43504778052638104, 0.2691797425664096, -0.3063872158527374, 0.0
-11.103953012365292, 0.23216818606157608, 1.5, 0.9416465590099483, 0.4337919198379654, 0.23763393429465252, -0.46626874804496765, 0.0
-11.003953012365292, 0.1818401118030557, 1.5, 0.9416465590099483, 0.44125566930905796, 0.20416194055253428, -0.44860324263572693, 0.0
-10.99939334430149, 0.1818401118030557, 1.5, 0.7509129692231974, 0.4399374659609545, 0.20544669074118016, -0.3276115357875824, 0.0
-10.89939334430149, 0.14630463473137834, 1.5, 0.7509129692231974, 0.44913966958452195, 0.18319928092625049, -0.3414372205734253, 0.0
-10.79939334430149, 0.11076915765970097, 1.5, 0.7509129692231974, 0.46993464067819835, 0.157974762652626, -0.22693251073360443, 0.0
-10.745500165539429, 0.11076915765970097, 1.5, 0.6047800119464787, 0.46172435299578574, 0.15354435503718195, -0.09027154743671417, 0.0
-10.64550016553943, 0.09683912288585839, 1.5, 0.6047800119464787, 0.47382866521504746, 0.14583579424260562, -0.13840967416763306, 0.0
-10.54550016553943, 0.0829090881120158, 1.5, 0.6047800119464787, 0.4856816904011652, 0.1390882926051117, -0.0710575208067894, 0.0
-10.44979136573712, 0.0829090881120158, 1.5, 0.4124364652012711, 0.4912796597454653, 0.14822885561920165, 0.029955828562378883, 0.0
-10.34979136573712, 0.08877346172400576, 1.5, 0.4124364652012711, 0.49789428146417264, 0.16740142409566358, 0.05857664719223976, 0.0
-10.24979136573712, 0.09463783533599572, 1.5, 0.4124364652012711, 0.5052982559033561, 0.19013823845262007, 0.05857664719223976, 0.0
-10.149791365737121, 0.10050220894798567, 1.5, 0.4124364652012711, 0.5141805355982176, 0.21479357456233758, 0.044956158846616745, 0.0
-10.119432755056717, 0.10050220894798567, 1.5, 0.20359649117130604, 0.5211074221306057, 0.21912905317184342, 0.10933007299900055, 0.0
-10.019432755056718, 0.11481138327207259, 1.5, 0.20359649117130604, 0.5242784579104233, 0.25206281478571485, 0.14212696254253387, 0.0
-9.919432755056718, 0.1291205575961595, 1.5, 0.20359649117130604, 0.529507946190822, 0.2836053386078948, 0.14212696254253387, 0.0
-9.819432755056718, 0.14342973192024644, 1.5, 0.20359649117130604, 0.5353765850403399, 0.3120350177618991, 0.09042814373970032, 0.0
-9.761626243716613, 0.14342973192024644, 1.5, 0.07765991696954087, 0.5483111665350029, 0.3177077952582856, 0.11631843447685242, 0.0
-9.661626243716613, 0.16186877331707925, 1.5, 0.07765991696954087, 0.5481432168884466, 0.3413928293206628, 0.1823422908782959, 0.0
-9.561626243716614, 0.18030781471391202, 1.5, 0.07765991696954087, 0.5468127748678555, 0.36326362836912507, 0.1823422908782959, 0.0
-9.461626243716614, 0.19874685611074483, 1.5, 0.07765991696954087, 0.5444833052311024, 0.38598939627142714, 0.09523192048072815, 0.0
-9.368589441605803, 0.19874685611074483, 1.5, 0.05165558856397293, 0.5578193936118097, 0.39373403998148354, 0.08715412765741348, 0.0
-9.268589441605803, 0.21561353752210444, 1.5, 0.05165558856397293, 0.5557954366190493, 0.42267116800038024, 0.1670941263437271, 0.0
-9.168589441605803, 0.23248021893346404, 1.5, 0.05165558856397293, 0.5535871528051763, 0.4530308191214684, 0.1670941263437271, 0.0
-9.068589441605804, 0.24934690034482365, 1.5, 0.05165558856397293, 0.5515324283640675, 0.4923287882175845, 0.1670941263437271, 0.0
-8.968589441605804, 0.26621358175618326, 4.4743051749146305, 0.05165558856397293, 0.5499739435698026, 0.5384027981857287, 0.13127681612968445, 0.0
-8.940846563317251, 0.26621358175618326, 4.4743051749146305, 0.06334963372100762, 0.5530536541230929, 0.5466320130672228, 0.16889184713363647, 0.0
-8.840846563317251, 0.2879958168406782, 4.565222159820163, 0.06334963372100762, 0.5478113429360528, 0.5998211662079701, 0.214472234249115, 0.0
-8.740846563317252, 0.30977805192517316, 4.656139144725694, 0.06334963372100762, 0.5440507361407052, 0.655615506553078, 0.214472234249115, 0.0
-8.640846563317252, 0.3315602870096681, 4.747056129631226, 0.06334963372100762, 0.5421231659070966, 0.7132956569622083, 0.214472234249115, 0.0
-8.540846563317253, 0.35334252209416306, 4.837973114536759, 0.06334963372100762, 0.5423538706155762, 0.7691573517863296, 0.13588081300258636, 0.0
-8.481530398431412, 0.35334252209416306, 4.837973114536759, 0.05022164722421307, 0.5548049663451777, 0.7843569956382594, 0.1699070781469345, 0.0
-8.381530398431412, 0.38067498941601574, 4.904846520657822, 0.05022164722421307, 0.5524262118014015, 0.8036914500691464, 0.26680800318717957, 0.0
-8.281530398431412, 0.4080074567378684, 4.971719926778884, 0.05022164722421307, 0.5518696612226447, 0.8140778359971187, 0.26680800318717957, 0.0
-8.181530398431413, 0.4353399240597211, 5.038593332899946, 0.05022164722421307, 0.55281675064719, 0.8227201494231964, 0.26680800318717957, 0.0
-8.081530398431413, 0.4626723913815738, 5.10546673902101, 0.05022164722421307, 0.5549557589808545, 0.832210324564658, 0.14664264023303986, 0.0
-7.996480082974159, 0.4626723913815738, 5.10546673902101, -0.0006709069855239898, 0.5799297718360842, 0.8185921399631289, 0.1244916096329689, 0.0
-7.8964800829741595, 0.48582935630965807, 5.161712794093854, -0.0006709069855239898, 0.5874424716619345, 0.825023361898416, 0.2275586575269699, 0.0
-7.79648008297416, 0.5089863212377423, 5.217958849166699, -0.0006709069855239898, 0.5952504051026074, 0.8319842405085102, 0.2275586575269699, 0.0
-7.69648008297416, 0.5321432861658266, 5.274204904239545, -0.0006709069855239898, 0.6030571921531706, 0.8390960798513569, 0.2275586575269699, 0.0
-7.5964800829741606, 0.5553002510939109, 5.330450959312389, -0.0006709069855239898, 0.6105679588666364, 0.8451329635590339, 0.2275586575269699, 0.0
-7.496480082974161, 0.5784572160219952, 5.386697014385234, -0.0006709069855239898, 0.6174889225245924, 0.8504431192160978, 0.20465928316116333, 0.0
-7.484915416709894, 0.5784572160219952, 5.386697014385234, -0.05011228114103194, 0.6208016341913051, 0.8480712021179498, 0.1836933046579361, 0.0
-7.3849154167098945, 0.59918456016918, 5.421778590766676, -0.05011228114103194, 0.6291814457521937, 0.8507008700906404, 0.2043793648481369, 0.0
-7.284915416709895, 0.6199119043163648, 5.456860167148117, -0.05011228114103194, 0.6363875912358177, 0.8535245573847899, 0.2043793648481369, 0.0
-7.184915416709895, 0.6406392484635497, 5.491941743529559, -0.05011228114103194, 0.6421844484878791, 0.8570773904235991, 0.2043793648481369, 0.0
-7.0849154167098956, 0.6613665926107345, 5.527023319911001, -0.05011228114103194, 0.6466084808497494, 0.8618953441969188, 0.2043793648481369, 0.0
-6.984915416709896, 0.6820939367579193, 5.562104896292443, -0.05011228114103194, 0.6491096442533406, 0.8685151994378194, 0.14946798980236053, 0.0
-6.947275521196033, 0.6820939367579193, 5.562104896292443, -0.07579679390496445, 0.6558769144942078, 0.8622883322263749, 0.11963000148534775, 0.0
-6.847275521196034, 0.6986387990287775, 5.572888362655306, -0.07579679390496445, 0.6607972331426248, 0.8670632845953733, 0.16396331787109375, 0.0
-6.747275521196034, 0.7151836612996355, 5.5836718290181695, -0.07579679390496445, 0.6648106525763421, 0.8737751961747021, 0.16396331787109375, 0.0
-6.647275521196034, 0.7317285235704937, 5.5944552953810325, -0.07579679390496445, 0.6680397734476287, 0.8819000514955522, 0.16396331787109375, 0.0
-6.547275521196035, 0.7482733858413517, 5.605238761743896, -0.07579679390496445, 0.6706070840705992, 0.8901959769441334, 0.16396331787109375, 0.0
-6.447275521196035, 0.7648182481122099, 5.616022228106759, -0.07579679390496445, 0.6726349390162043, 0.899479554028418, 0.10637760162353516, 0.0
-6.392333068915896, 0.7648182481122099, 5.616022228106759, -0.09515780035483218, 0.682144077213823, 0.8950028204026312, 0.0697740912437439, 0.0
-6.292333068915896, 0.7756467948624313, 5.592723531884387, -0.09515780035483218, 0.6889977080965344, 0.8991114628631922, 0.10786517709493637, 0.0
-6.192333068915897, 0.7864753416126525, 5.569424835662014, -0.09515780035483218, 0.6956760777290442, 0.9028505626696408, 0.10786517709493637, 0.0
-6.092333068915897, 0.7973038883628739, 5.546126139439642, -0.09515780035483218, 0.7022943624105819, 0.9061155850175884, 0.10786517709493637, 0.0
-5.992333068915897, 0.8081324351130952, 5.5228274432172695, -0.09515780035483218, 0.7088785462018461, 0.9089019437453034, 0.10786517709493637, 0.0
-5.892333068915898, 0.8189609818633166, 5.499528746994897, -0.09515780035483218, 0.715397337791732, 0.91120514383096, 0.06591088324785233, 0.0
-5.828280322827557, 0.8189609818633166, 5.499528746994897, -0.11884871932680555, 0.7278221369212826, 0.9055532457918581, 0.017662417143583298, 0.0
-5.728280322827557, 0.8218588513049617, 5.4271626668101165, -0.11884871932680555, 0.7419631324424926, 0.8989684352159231, 0.028970586135983467, 0.0
-5.628280322827558, 0.8247567207466069, 5.354796586625337, -0.11884871932680555, 0.755943869734489, 0.8919423782974135, 0.028970586135983467, 0.0
-5.528280322827558, 0.8276545901882522, 5.282430506440557, -0.11884871932680555, 0.7697323198549642, 0.8848565099656871, 0.028970586135983467, 0.0
-5.4282803228275585, 0.8305524596298973, 5.210064426255777, -0.11884871932680555, 0.7832964631921758, 0.8782048211368327, 0.028970586135983467, 0.0
-5.328280322827559, 0.8334503290715425, 5.137698346070997, -0.11884871932680555, 0.7966042902817082, 0.8724814434290772, 0.017874568700790405, 0.0
-5.266175103281761, 0.8334503290715425, 5.137698346070997, -0.13018494910178519, 0.805544895068179, 0.8676482159655003, -0.03611399233341217, 0.0
-5.166175103281762, 0.8275935157758351, 5.066479357372093, -0.13018494910178519, 0.8271222113694519, 0.8545843252940358, -0.05850130319595337, 0.0
-5.066175103281762, 0.8217367024801276, 4.995260368673188, -0.13018494910178519, 0.8483849087019409, 0.8434172719095658, -0.05850130319595337, 0.0
-4.9661751032817625, 0.8158798891844203, 4.924041379974284, -0.13018494910178519, 0.869300521215778, 0.8346707597628329, -0.05850130319595337, 0.0
-4.866175103281763, 0.8100230758887129, 4.852822391275379, -0.13018494910178519, 0.8898373473303627, 0.8290680182114001, -0.05850130319595337, 0.0
-4.766175103281763, 0.8041662625930055, 4.781603402576475, -0.13018494910178519, 0.9099796793819293, 0.8245917382135538, -0.03768165037035942, 0.0
-4.710819878812605, 0.8041662625930055, 4.781603402576475, -0.11530666895050098, 0.917670178164273, 0.8266184478399985, -0.08275732398033142, 0.0
-4.610819878812605, 0.791280048089468, 4.718949610590513, -0.11530666895050098, 0.9441037279748254, 0.8218004012655552, -0.1281559020280838, 0.0
-4.5108198788126055, 0.7783938335859304, 4.65629581860455, -0.11530666895050098, 0.9701416991642611, 0.817879228616047, -0.1281559020280838, 0.0
-4.410819878812606, 0.7655076190823928, 4.593642026618589, -0.11530666895050098, 0.9957831704679069, 0.819652819263343, -0.1281559020280838, 0.0
-4.310819878812606, 0.7526214045788553, 4.530988234632627, -0.11530666895050098, 1.0210270970539823, 0.8273536733508824, -0.1281559020280838, 0.0
-4.2108198788126066, 0.7397351900753177, 4.468334442646665, -0.11530666895050098, 1.0458723347684429, 0.8358270152507166, -0.0850318968296051, 0.0
-4.159639641170716, 0.7397351900753177, 4.468334442646665, -0.09566419387058621, 1.0525042536943454, 0.8507264517971491, -0.11988374590873718, 0.0
-4.059639641170716, 0.7215238075231414, 4.46500461817627, -0.09566419387058621, 1.082098898184528, 0.8614098245594178, -0.1801396608352661, 0.0
-3.9596396411707167, 0.7033124249709649, 4.461674793705875, -0.09566419387058621, 1.1113085836510357, 0.8783570392262363, -0.1801396608352661, 0.0
-3.859639641170717, 0.6851010424187886, 4.45834496923548, -0.09566419387058621, 1.1401314329883259, 0.8988923416327306, -0.1801396608352661, 0.0
-3.7596396411707174, 0.6668896598666121, 4.455015144765085, -0.09566419387058621, 1.1685656384781844, 0.920454825485268, -0.1801396608352661, 0.0
-3.6596396411707177, 0.6486782773144357, 4.45168532029469, -0.09566419387058621, 1.1963550781368564, 0.9450280531255308, -0.12709300220012665, 0.0
-3.617120201541623, 0.6486782773144357, 4.45168532029469, -0.09015172743245398, 1.1995143442121172, 0.9637330428102272, -0.16121016442775726, 0.0
-3.5171202015416227, 0.62550156833165, 4.4993490807835, -0.09015172743245398, 1.2315249402683268, 0.9851974729459951, -0.22774603962898254, 0.0
-3.4171202015416227, 0.6023248593488644, 4.547012841272312, -0.09015172743245398, 1.2627917144482819, 1.0060929251196105, -0.22774603962898254, 0.0
-3.3171202015416226, 0.5791481503660787, 4.5946766017611225, -0.09015172743245398, 1.2931747010268624, 1.0232685514561153, -0.22774603962898254, 0.0
-3.2171202015416225, 0.555971441383293, 4.642340362249934, -0.09015172743245398, 1.322534318150939, 1.038975673340615, -0.22774603962898254, 0.0
-3.1171202015416224, 0.5327947324005073, 4.690004122738745, -0.09015172743245398, 1.3496387318819656, 1.0542128556583494, -0.1751011312007904, 0.0
-3.086113886451347, 0.5327947324005073, 4.690004122738745, -0.08727659764174957, 1.350366761131521, 1.0660297995777293, -0.20811589062213898, 0.0
-2.986113886451347, 0.5051296657459478, 4.700848805997894, -0.08727659764174957, 1.3803953009735352, 1.0777100150622692, -0.2699001729488373, 0.0
-2.886113886451347, 0.4774645990913882, 4.711693489257044, -0.08727659764174957, 1.4083893942104184, 1.0909246431863848, -0.2699001729488373, 0.0
-2.786113886451347, 0.44979953243682863, 4.7225381725161935, -0.08727659764174957, 1.433508732760863, 1.1066705824274063, -0.2699001729488373, 0.0
-2.6861138864513467, 0.4221344657822691, 4.733382855775344, -0.08727659764174957, 1.4567302326739942, 1.1257000938972554, -0.2699001729488373, 0.0
-2.5861138864513467, 0.3944693991277095, 4.744227539034493, -0.08727659764174957, 1.47674987746449, 1.145321958763532, -0.25638940930366516, 0.0
-2.580586130003594, 0.3944693991277095, 4.744227539034493, -0.056678542878448715, 1.476127526702031, 1.1480057805975847, -0.34186726808547974, 0.0
-2.480586130003594, 0.3569184868574147, 4.7748437881995835, -0.056678542878448715, 1.5010976200504043, 1.1610748531274904, -0.35921695828437805, 0.0
-2.3805861300035938, 0.31936757458711984, 4.805460037364675, -0.056678542878448715, 1.5048782678953028, 1.1752815116488953, -0.35921695828437805, 0.0
-2.2805861300035937, 0.281816662316825, 4.8360762865297655, -0.056678542878448715, 1.4545902156703057, 1.1884448344854968, -0.35921695828437805, 0.0
-2.1805861300035936, 0.24426575004653017, 4.866692535694856, -0.056678542878448715, 1.4048854522892267, 1.1969334964068792, -0.202045276761055, 0.0
-2.097268089756323, 0.24426575004653017, 4.866692535694856, 0.004940970377892473, 1.3437297631206675, 1.2244685448172803, -0.1952006071805954, 0.0
-1.9972680897563229, 0.2080204274536852, 4.887476025776154, 0.004940970377892473, 1.2958746231073257, 1.213692610185862, -0.34772565960884094, 0.0
-1.8972680897563228, 0.17177510486084024, 4.908259515857452, 0.004940970377892473, 1.2523190745462385, 1.1964633343582503, -0.34772565960884094, 0.0
-1.7972680897563227, 0.13552978226799528, 4.92904300593875, 0.004940970377892473, 1.2095508064588227, 1.1755995971591413, -0.34772565960884094, 0.0
-1.6972680897563226, 0.09928445967515032, 2.3, 0.004940970377892473, 1.1737442856734042, 1.1512477092948568, -0.19984737038612366, 0.0
-1.6183240289208651, 0.09928445967515032, 2.3, 0.0673047315943006, 1.1231608617996447, 1.1587298485990498, -0.17467285692691803, 0.0
-1.518324028920865, 0.06770597449869986, 2.3, 0.0673047315943006, 1.0889791165213583, 1.1346688518020307, -0.30587467551231384, 0.0
-1.418324028920865, 0.036127489322249406, 2.3, 0.0673047315943006, 1.0602285402000675, 1.1063837168967754, -0.30587467551231384, 0.0
-1.3183240289208649, 0.004549004145798952, 2.3, 0.0673047315943006, 1.035341095040997, 1.0755126383862335, -0.30587467551231384, 0.0
-1.2183240289208648, -0.027029481030651503, 2.3, 0.0673047315943006, 1.0188728682088577, 1.0431590900024734, -0.1828315556049347, 0.0
-1.1475338363494965, -0.027029481030651503, 2.3, 0.12550721408255483, 0.9870334226493049, 1.0420831024019301, -0.13193023204803467, 0.0
-1.0475338363494964, -0.049693517086412786, 2.3, 0.12550721408255483, 0.9706628364912093, 1.0183672836661417, -0.2228752076625824, 0.0
-0.9475338363494963, -0.07235755314217407, 2.3, 0.12550721408255483, 0.9597001081949046, 0.9958484888690278, -0.2228752076625824, 0.0
-0.8475338363494962, -0.09502158919793535, 2.3, 0.12550721408255483, 0.9533113680833332, 0.9754189483224811, -0.2228752076625824, 0.0
-0.7475338363494961, -0.11768562525369664, 2.3, 0.12550721408255483, 0.9567350692172361, 0.9553959293896902, -0.14361651241779327, 0.0
-0.6908109109875308, -0.11768562525369664, 2.3, 0.17278721458202714, 0.9445482953175202, 0.9579589646805148, -0.07915976643562317, 0.0
-0.5908109109875308, -0.13011775417256133, 2.3, 0.17278721458202714, 0.9435170877392266, 0.9528495117701641, -0.12368667125701904, 0.0
-0.4908109109875308, -0.14254988309142602, 2.3, 0.17278721458202714, 0.9481765373509956, 0.9491294208248446, -0.12368667125701904, 0.0
-0.39081091098753085, -0.15498201201029072, 2.3, 0.17278721458202714, 0.9556568412238898, 0.945650796161496, -0.12368667125701904, 0.0
-0.29081091098753087, -0.1674141409291554, 2.3, 0.17278721458202714, 0.9708159348803644, 0.9429738825591973, -0.09296073764562607, 0.0
-0.25746110012931744, -0.1674141409291554, 2.3, 0.19939048875570758, 0.970702163038147, 0.9456227715088573, -0.02054937556385994, 0.0
-0.15746110012931744, -0.17015478197819733, 2.3, 0.19939048875570758, 0.9799301132484088, 0.9518846575990022, -0.02739955112338066, 0.0
-0.05746110012931743, -0.17289542302723926, 2.3, 0.19939048875570758, 0.994553558777878, 0.956861531788499, -0.02739955112338066, 0.0
0.0425388998706826, -0.17563606407628118, 2.3, 0.19939048875570758, 1.0115155031408982, 0.9610067487509433, -0.02739955112338066, 0.0
0.14253889987068258, -0.1783767051253231, 2.3, 0.19939048875570758, 1.0365491978710968, 0.9650993891118376, -0.026396965608000755, 0.0
0.14633887547368654, -0.1783767051253231, 2.3, 0.234876662251486, 1.037216821940912, 0.9653775701070874, 0.06783321499824524, 0.0
0.24633887547368655, -0.17132479982578896, 2.3, 0.234876662251486, 1.0527517751585336, 0.9799619719882229, 0.07040250301361084, 0.0
0.3463388754736866, -0.16427289452625482, 2.3, 0.234876662251486, 1.0774290339592623, 0.996052065659792, 0.07040250301361084, 0.0
0.44633887547368656, -0.15722098922672068, 2.3, 0.234876662251486, 1.1039752945216437, 1.014427668697114, 0.04637560248374939, 0.0
0.4982905174742933, -0.15722098922672068, 2.3, 0.36574924556557803, 1.1231055749355443, 1.0194927979902422, 0.10902327299118042, 0.0
0.5982905174742933, -0.14058877488348331, 2.3, 0.36574924556557803, 1.1508332236134216, 1.0499583428829438, 0.16481344401836395, 0.0
0.6982905174742933, -0.12395656054024595, 2.3, 0.36574924556557803, 1.1842821526047431, 1.0814649260618219, 0.16481344401836395, 0.0
0.7982905174742932, -0.10732434619700859, 2.3, 0.36574924556557803, 1.2201261755269488, 1.111675795541567, 0.15875406563282013, 0.0
0.8021760613699394, -0.10732434619700859, 2.3, 0.6910904347085991, 1.222212177590392, 1.1121178460452508, 0.43376487493515015, 0.0
0.9021760613699393, -0.059206048439992165, 2.3, 0.6910904347085991, 1.2403537930243482, 1.135943614921283, 0.4484809935092926, 0.0
1.0021760613699393, -0.011087750682975739, 2.3, 0.6910904347085991, 1.267983910721107, 1.1192549252119195, 0.3572525680065155, 0.0
1.0310864344420398, -0.011087750682975739, 2.3, 0.9994406073885175, 1.2877122167793709, 1.1015527377322492, 0.7681912779808044, 0.0
1.13108643444204, 0.11346095110254129, 2.3, 0.9994406073885175, 1.2668094421063998, 1.1417548756396576, 0.6175464391708374, 0.0
1.2064549186401679, 0.11346095110254129, 2.3, 1.1996465945944585, 1.3229416923222428, 1.0954150890659191, 0.47108229994773865, 0.0
1.3274234830937846, 0.2134609511025413, 2.3, 1.1996465945944585, 1.3581236550235383, 1.1070624862751761, 0.8367681503295898, 0.0
1.3274234830937846, 0.2475430050841547, 2.3, 1.8660614144198309, 1.339254428420675, 1.135658848220923, 1.1401342153549194, 0.0
1.38902382304927, 0.3475430050841547, 2.3, 1.8660614144198309, 1.3415760810588304, 1.186104183935914, 1.1550699472427368, 0.0
1.38902382304927, 0.38708191193627467, 2.3, 2.31773461458139, 1.323479680555097, 1.219750922741531, 1.4967365264892578, 0.0
1.3993769900087367, 0.4870819119362747, 2.3, 2.31773461458139, 1.2875438193887485, 1.30134787736585, 1.5002830028533936, 0.0
1.3993769900087367, 0.5336642407516883, 2.3, 1.7445187214567168, 1.2682399588320523, 1.3424618716270713, 1.7652244567871094, 0.0
1.3705126248646549, 0.6336642407516883, 2.3, 1.7445187214567168, 1.2045265002680485, 1.443769692901468, 1.7553187608718872, 0.0
1.3705126248646549, 0.6883121817609897, 2.3, 1.0004925408516037, 1.1872096366424802, 1.4910194997701536, 1.9459459781646729, 0.0
1.3096123558894663, 0.7883121817609897, 2.3, 1.0004925408516037, 1.1021506211590153, 1.6080557582804524, 1.9101107120513916, 0.0
1.3096123558894663, 0.8608509610117521, 2.3, 0.6116975081831914, 1.0878846365098824, 1.6714194470189012, 2.0678629875183105, 0.0
1.2160101123071818, 0.960850961011752, 2.3, 0.6116975081831914, 0.9826286009456462, 1.80430571975036, 2.030449867248535, 0.0
1.2160101123071818, 1.0499397586714783, 2.3, 0.450075111109806, 0.9793785481177149, 1.8822715211871897, 1.8964391946792603, 0.0
1.152161673462114, 1.1499397586714784, 2.3, 0.450075111109806, 0.914541012679471, 2.00060475275785, 2.139033555984497, 0.0
1.088313234617046, 1.2499397586714784, 2.3, 0.450075111109806, 0.861244119584178, 2.118972845585371, 2.1163170337677, 0.0
1.088313234617046, 1.255133757020921, 2.3, 0.38616401067368933, 0.8621022538690145, 2.1235278682679604, 2.2415027618408203, 0.0
1.0048518341929613, 1.355133757020921, 2.3, 0.38616401067368933, 0.8045634969673839, 2.1973017929201184, 2.2662899494171143, 0.0
0.9213904337688767, 1.455133757020921, 2.3, 0.38616401067368933, 0.7576668858657527, 2.1537733969318493, 2.186049461364746, 0.0
0.9213904337688767, 1.4732227286236215, 2.3, 0.35549059744533273, 0.7642803312957311, 2.1383021035703877, 2.3047664165496826, 0.0
0.8148632264177318, 1.5732227286236216, 2.3, 0.35549059744533273, 0.715563325233601, 2.1085439366218113, 2.3877885341644287, 0.0
0.7083360190665867, 1.6732227286236216, 2.3, 0.35549059744533273, 0.6799083074490905, 2.080260915175444, 2.5133674144744873, 0.0
0.6436329794581533, 1.6976043980928692, 2.3, 0.29176816794612553, 0.6454243452074314, 2.093723895411717, 2.4454095363616943, 0.0
0.5436329794581534, 1.8108789891951065, 2.3, 0.29176816794612553, 0.6452649230715618, 2.0471144004144137, 2.2940328121185303, 0.0
0.4436329794581534, 1.9241535802973437, 2.3, 0.29176816794612553, 0.6589468592788219, 1.9873557416801355, 2.3637917041778564, 0.0
0.42862403201389965, 1.9241535802973437, 2.3, 0.21314753245965098, 0.6492302083872538, 1.9934924261373694, 2.551053047180176, 0.0
0.3286240320138996, 2.001248390876816, 2.3, 0.21314753245965098, 0.6462718628416937, 1.9595365978628192, 2.484818935394287, 0.0
0.2286240320138996, 2.078343201456289, 2.3, 0.21314753245965098, 0.6520400390861565, 1.9248691456311098, 2.484818935394287, 0.0
0.1286240320138996, 2.1554380120357615, 2.3, 0.21314753245965098, 0.660217468557186, 1.889197970975349, 2.709494113922119, 0.0
0.06144945039673222, 2.1554380120357615, 2.3, 0.16083603094846893, 0.6253340792087216, 1.9135882216102857, 2.70686411857605, 0.0
-0.038550549603267814, 2.2330666307740574, 2.3, 0.16083603094846893, 0.6452319591595997, 1.8787136793362658, 2.4814796447753906, 0.0
-0.13855054960326782, 2.310695249512354, 2.3, 0.16083603094846893, 0.6677933182977548, 1.8451010700827093, 2.4814796447753906, 0.0
-0.23855054960326783, 2.38832386825065, 2.3, 0.16083603094846893, 0.6986155350216193, 1.8132220476826448, 2.5599160194396973, 0.0
-0.2566047640974567, 2.38832386825065, 2.3, 0.1252399620985801, 0.6919681734032662, 1.820730377997051, 2.6843509674072266, 0.0
-0.3566047640974567, 2.446408683085213, 2.3, 0.1252399620985801, 0.7121582805915818, 1.8085771187367972, 2.6153743267059326, 0.0
-0.45660476409745665, 2.5044934979197766, 2.3, 0.1252399620985801, 0.7386983288216269, 1.7976296295030862, 2.6153743267059326, 0.0
-0.5566047640974566, 2.56257831275434, 2.3, 0.1252399620985801, 0.7681806491509893, 1.7873343480503177, 2.6153743267059326, 0.0
-0.6566047640974566, 2.6206631275889034, 2.3, 0.1252399620985801, 0.8016278584225477, 1.776021609622477, 2.810330867767334, 0.0
-0.7254876856203163, 2.6206631275889034, 2.3, 0.07188013238727342, 0.7887342641229383, 1.804488780119138, 2.810940980911255, 0.0
-0.8254876856203164, 2.678632731722949, 2.3, 0.07188013238727342, 0.8292980729220409, 1.7901752902231456, 2.616236448287964, 0.0
-0.9254876856203165, 2.736602335856994, 5.107634847344019, 0.07188013238727342, 0.871958362488339, 1.7745304293132715, 2.616236448287964, 0.0
-1.0254876856203166, 2.7945719399910396, 5.237961416982641, 0.07188013238727342, 0.9154732208548215, 1.7562839798335912, 2.616236448287964, 0.0
-1.1254876856203166, 2.852541544125085, 5.3682879866212625, 0.07188013238727342, 0.9585656842145147, 1.7374283009996079, 2.702852964401245, 0.0
-1.1490265289410058, 2.852541544125085, 5.3682879866212625, 0.04192862117230669, 0.9551183378163649, 1.7460067886814106, 2.8004190921783447, 0.0
-1.2490265289410059, 2.896404979204619, 5.489051475511361, 0.04192862117230669, 0.9808670376501156, 1.7400486270665783, 2.7282304763793945, 0.0
-1.349026528941006, 2.9402684142841533, 5.609814964401458, 0.04192862117230669, 1.0010271795270633, 1.7342832212114867, 2.7282304763793945, 0.0
-1.449026528941006, 2.9841318493636875, 5.730578453291557, 0.04192862117230669, 1.0152946153400562, 1.7294579941826005, 2.7282304763793945, 0.0
-1.5490265289410061, 3.0279952844432216, 5.851341942181655, 0.04192862117230669, 1.0276493307386108, 1.7263209887349926, 2.7282304763793945, 0.0
