2.275113862698110723e-01,1.638243485155492785e+00,2.500000000000000000e+00,1.331467409456987550e-01,1.056721748865469657e+00,7.432342452241830211e-01,2.726334076637163761e+00,0.000000000000000000e+00
5.182470352629823390e-02,1.687727104750046170e+00,2.500000000000000000e+00,6.874409898538803854e-02,9.803160101890382450e-01,7.674920958870614651e-01,2.903097084105514369e+00,0.000000000000000000e+00
-1.178692094794026590e-01,1.755034918021590062e+00,2.500000000000000000e+00,-7.259806280162482695e-02,9.290580789028054509e-01,7.703182344095161893e-01,2.767376810732922632e+00,0.000000000000000000e+00
-2.853673381651489760e-01,1.824151836109920044e+00,2.500000000000000000e+00,-7.259806280162482695e-02,8.896579075845190143e-01,7.694158903092979118e-01,2.767376810732922632e+00,0.000000000000000000e+00
-4.681428314656531642e-01,1.878495005445322663e+00,2.586031966862127884e+00,-5.318614724535008359e-02,8.402015634500767938e-01,7.880109420232230821e-01,2.767376810732923520e+00,0.000000000000000000e+00
-5.550257033590779709e-01,2.023745444844559316e+00,2.758095900586384097e+00,-5.318614724535008359e-02,9.259327726153736560e-01,6.881545020922118505e-01,2.767376810732921300e+00,-2.500000000000000000e-01
-6.026919157930294979e-01,2.205932643124076442e+00,2.844127867448511982e+00,-1.197322903657672619e-02,1.068195267030259688e+00,5.377478534754547290e-01,2.767376810732923520e+00,-2.500000000000000000e-01
-7.617289950568693069e-01,2.282865905551007657e+00,3.176589503717184737e+00,-1.197322903657672619e-02,1.074940803483236396e+00,5.276921209527053458e-01,2.767376810732923076e+00,-2.500000000000000000e-01
-9.380815198370608954e-01,2.343438606560658943e+00,3.509051139985857048e+00,-1.197322903657672619e-02,1.069441395122162630e+00,5.405768022055914557e-01,2.767376810732923964e+00,-2.500000000000000000e-01
-1.105256500212923987e+00,2.412682735351189045e+00,3.841512776254529804e+00,-1.197322903657672619e-02,1.080739458776794226e+00,5.438733734757528193e-01,2.767376810732921300e+00,-2.500000000000000000e-01
-1.276036387090283553e+00,2.478520758433333082e+00,3.966463913674675545e+00,1.292369754198012229e-03,1.093621400936387378e+00,5.507121935557489634e-01,2.767376810732923964e+00,-2.500000000000000000e-01
-1.445622047246281738e+00,2.545487149879829047e+00,4.216366188514967028e+00,1.292369754198012229e-03,1.108015064556002294e+00,5.511778922381721513e-01,2.767376810732920855e+00,-2.500000000000000000e-01
-1.615552108755299532e+00,2.612128132771621480e+00,4.466268463355259399e+00,1.292369754198012229e-03,1.115326115896160486e+00,5.442916382830030875e-01,2.767376810732924408e+00,-2.500000000000000000e-01
-1.785397396791084779e+00,2.678849214110065269e+00,4.716170738195550882e+00,1.292369754198012229e-03,1.112040935327398783e+00,5.331449726880446160e-01,2.767376810732923520e+00,-2.500000000000000000e-01
-1.955258499924561466e+00,2.745555352510460789e+00,4.841121875615696624e+00,-7.567600535834741226e-04,1.104770439185638331e+00,5.242337976032606095e-01,2.767376810732923520e+00,-2.500000000000000000e-01
-2.125118798394654451e+00,2.812262251199241891e+00,5.063102384743239703e+00,-7.567600535834741226e-04,1.096730984467783721e+00,5.163033611647085408e-01,2.767376810732921300e+00,-2.500000000000000000e-01
-2.294977953169356155e+00,2.878970230511721962e+00,5.285082893870782783e+00,-7.567600535834741226e-04,1.088943980173728843e+00,5.167945952904414719e-01,2.767376810732921300e+00,-2.500000000000000000e-01
-2.464837856929603443e+00,2.945677502143173143e+00,5.507063402998325863e+00,-7.567600535834741226e-04,1.083827271975168260e+00,5.232097234099807315e-01,2.767376810732924408e+00,-2.500000000000000000e-01
-2.634697441245496652e+00,3.012385075602491025e+00,5.729043912125868943e+00,-7.567600535834741226e-04,1.084284627511089116e+00,5.293807708884653573e-01,2.767376810732923520e+00,-2.500000000000000000e-01
-2.804557137224777286e+00,3.079092543556354311e+00,5.840034166689640927e+00,-2.318515699519332375e-03,1.088997219760771573e+00,5.338949289096063255e-01,2.767376810732923520e+00,-2.500000000000000000e-01
-2.974416799393934330e+00,3.145800043455803774e+00,6.021848699637692093e+00,-2.318515699519332375e-03,1.100322721760248479e+00,5.366933901499292281e-01,2.767376810732923520e+00,-2.500000000000000000e-01
-3.144276470419132608e+00,3.212507534987598667e+00,6.203663232585742371e+00,-2.318515699519332375e-03,1.111917101054270551e+00,5.396112543899626024e-01,2.767376810732921300e+00,-2.500000000000000000e-01
-3.314136139571195017e+00,3.279215028289231615e+00,6.385477765533793537e+00,-2.318515699519332375e-03,1.115067636714528687e+00,5.447149291683469619e-01,2.767376810732923076e+00,-2.500000000000000000e-01
-3.483995808943001204e+00,3.345922521383239090e+00,6.567292298481843815e+00,-2.318515699519332375e-03,1.105173546998389655e+00,5.524802934842594215e-01,2.767376810732922632e+00,-2.500000000000000000e-01
-3.653855478375883425e+00,3.412630014419538504e+00,6.749106831429894982e+00,-2.318515699519332375e-03,1.096266019250460078e+00,5.574262120801407594e-01,2.767376810732924408e+00,-2.500000000000000000e-01
-3.823715147750460286e+00,3.479337507510927630e+00,6.840014097903920565e+00,-9.318989456759057622e-04,1.087252451987345880e+00,5.594426617205765506e-01,2.767376810732924408e+00,-2.500000000000000000e-01
-3.993574817152676371e+00,3.546045000576202533e+00,6.971443119423518908e+00,-9.318989456759057622e-04,1.080532037270337753e+00,5.544703105271181487e-01,2.767376810732920855e+00,-2.500000000000000000e-01
-4.163434486544633550e+00,3.612752493651170127e+00,7.102872140943116364e+00,-9.318989456759057622e-04,1.075885491498006497e+00,5.428288078810596939e-01,2.767376810732924408e+00,-2.500000000000000000e-01
-4.333294155939850789e+00,3.679459986723056630e+00,7.234301162462714707e+00,-9.318989456759057622e-04,1.072255806969407033e+00,5.305206294892713670e-01,2.767376810732922632e+00,-2.500000000000000000e-01
-4.503153825334166527e+00,3.746167479795796229e+00,7.365730183982313051e+00,-9.318989456759057622e-04,1.068420025548011409e+00,5.239134220184233914e-01,2.767376810732922188e+00,-2.500000000000000000e-01
-4.673013494728691875e+00,3.812874972868337320e+00,7.497159205501910506e+00,-9.318989456759057622e-04,1.065578409064589449e+00,5.246051119095773707e-01,2.767376810732924408e+00,-2.500000000000000000e-01
-4.842873164123183471e+00,3.879582465940910829e+00,7.628588227021508850e+00,-9.318989456759057622e-04,1.063303245238491623e+00,5.272008575139855990e-01,2.767376810732922632e+00,-2.500000000000000000e-01
-5.012732833517672404e+00,3.946289959013484783e+00,7.694302737781307577e+00,-4.800576996089090824e-05,1.061165454863219670e+00,5.336728997991690981e-01,2.767376810732924408e+00,-2.500000000000000000e-01
-5.182592502912167554e+00,4.012997452086055183e+00,7.759201375664631861e+00,-4.800576996089090824e-05,1.058821492422476140e+00,5.402772040056055269e-01,2.767376810732918635e+00,-2.500000000000000000e-01
-5.352452172306659151e+00,4.079704945158627361e+00,7.824100013547956145e+00,-4.800576996089090824e-05,1.055156261662346218e+00,5.454325075366103226e-01,2.767376810732924408e+00,-2.500000000000000000e-01
-5.522311841701151636e+00,4.146412438231199538e+00,7.888998651431280429e+00,-4.800576996089090824e-05,1.051059175825829861e+00,5.497897195286792771e-01,2.767376810732922632e+00,-2.500000000000000000e-01
-5.692171511095644121e+00,4.213119931303771715e+00,7.953897289314605601e+00,-4.800576996089090824e-05,1.046948673463267365e+00,5.515867009855367487e-01,2.767376810732924408e+00,-2.500000000000000000e-01
-5.862031180490136606e+00,4.279827424376343892e+00,8.018795927197929885e+00,-4.800576996089090824e-05,1.042944636848011974e+00,5.532959157477898016e-01,2.767376810732924408e+00,-2.500000000000000000e-01
-6.031890849884629091e+00,4.346534917448915181e+00,8.083694565081254169e+00,-4.800576996089090824e-05,1.039167228130227105e+00,5.561313682007300585e-01,2.767376810732918635e+00,-2.500000000000000000e-01
-6.201750519279121576e+00,4.413242410521486470e+00,8.148593202964578452e+00,-4.800576996089090824e-05,1.035736556195511637e+00,5.608537927825583136e-01,2.767376810732928405e+00,-2.500000000000000000e-01
-6.371610188673614061e+00,4.479949903594059535e+00,8.152200551794278383e+00,1.134222639914886214e-04,1.031290433307705534e+00,5.681262006043880097e-01,2.767376810732918635e+00,-2.500000000000000000e-01
-6.541469858068105658e+00,4.546657396666630824e+00,8.159415249453680019e+00,1.134222639914886214e-04,1.026966007693376204e+00,5.740711768591576503e-01,2.767376810732924408e+00,-2.500000000000000000e-01
-6.711329527462598143e+00,4.613364889739203001e+00,8.166629947113079879e+00,1.134222639914886214e-04,1.023051451413091728e+00,5.787099532754436115e-01,2.767376810732922632e+00,-2.500000000000000000e-01
-6.881189196857090629e+00,4.680072382811774290e+00,8.173844644772479739e+00,1.134222639914886214e-04,1.019513997790269189e+00,5.787615428867829426e-01,2.767376810732920411e+00,-2.500000000000000000e-01
-7.051048866251584890e+00,4.746779875884347355e+00,8.181059342431881376e+00,1.134222639914886214e-04,1.016320463364516646e+00,5.710568510404975262e-01,2.767376810732926629e+00,-2.500000000000000000e-01
-7.220908535646078263e+00,4.813487368956918644e+00,8.188274040091281236e+00,1.134222639914886214e-04,1.013029749435029991e+00,5.586573556758271941e-01,2.767376810732918635e+00,-2.500000000000000000e-01
-7.390768205040570749e+00,4.880194862029491709e+00,8.195488737750682873e+00,1.134222639914886214e-04,1.008705259754421713e+00,5.479215294831150107e-01,2.767376810732925740e+00,-2.500000000000000000e-01
-7.560627874435063234e+00,4.946902355102063886e+00,8.202703435410082733e+00,1.134222639914886214e-04,1.004632191924842655e+00,5.448820381251991973e-01,2.767376810732922632e+00,-2.500000000000000000e-01
-7.730487543829554831e+00,5.013609848174636063e+00,8.176337139546085098e+00,-5.853164108069272174e-04,1.000809073243751346e+00,5.448575952238254860e-01,2.767376810732922632e+00,-2.500000000000000000e-01
-7.900347213224048204e+00,5.080317341247207352e+00,8.123604547818088051e+00,-5.853164108069272174e-04,9.972662087394371655e-01,5.496336858284023297e-01,2.767376810732922632e+00,-2.500000000000000000e-01
-8.070206882618540689e+00,5.147024834319779529e+00,8.070871956090092780e+00,-5.853164108069272174e-04,9.940353698284667416e-01,5.564645732453478155e-01,2.767376810732921744e+00,-2.500000000000000000e-01
-8.240066552013033174e+00,5.213732327392351706e+00,8.018139364362095733e+00,-5.853164108069272174e-04,9.902503464696102986e-01,5.617668203170733676e-01,2.767376810732926629e+00,-2.500000000000000000e-01
-8.409926221407525659e+00,5.280439820464923883e+00,7.965406772634099575e+00,-5.853164108069272174e-04,9.859249103583137552e-01,5.659551676304447332e-01,2.767376810732918635e+00,-2.500000000000000000e-01
-8.579785890802018145e+00,5.347147313537496061e+00,7.912674180906103416e+00,-5.853164108069272174e-04,9.819798548818166051e-01,5.685639994486144655e-01,2.767376810732925740e+00,-2.500000000000000000e-01
-8.749645560196510630e+00,5.413854806610066461e+00,7.859941589178107257e+00,-5.853164108069272174e-04,9.784458289677067100e-01,5.721636758870907169e-01,2.767376810732922632e+00,-2.500000000000000000e-01
-8.919505229591003115e+00,5.480562299682640415e+00,7.833575293314108734e+00,-1.819553176001881267e-03,9.753038207406071747e-01,5.785484750571526780e-01,2.767376810732918635e+00,-2.500000000000000000e-01
-9.089364898985493824e+00,5.547269792755212592e+00,7.714433998600866538e+00,-1.819553176001881267e-03,9.724820887725653673e-01,5.843580154291299067e-01,2.767376810732926629e+00,-2.500000000000000000e-01
-9.259224568379988085e+00,5.613977285827771446e+00,7.595292703887625230e+00,-1.819553176001881267e-03,9.683558462249372001e-01,5.854119251206569841e-01,2.767376810732921744e+00,-2.500000000000000000e-01
-9.429084237774485899e+00,5.680684778900411125e+00,7.476151409174383033e+00,-1.819553176001881267e-03,9.642141156770189792e-01,5.785557014576496737e-01,2.767376810732926629e+00,-2.500000000000000000e-01
-9.598943907168958845e+00,5.747392271972715072e+00,7.357010114461141725e+00,-1.819553176001881267e-03,9.601964052487192980e-01,5.674041804856525539e-01,2.767376810732918635e+00,-2.500000000000000000e-01
-9.768803576563509949e+00,5.814099765046195856e+00,7.237868819747899529e+00,-1.819553176001881267e-03,9.562281761023551097e-01,5.583321537354647424e-01,2.767376810732921744e+00,-2.500000000000000000e-01
-9.938663245957830128e+00,5.880807258116077740e+00,7.118727525034657333e+00,-1.819553176001881267e-03,9.522412248798630685e-01,5.504054755985980929e-01,2.767376810732926629e+00,-2.500000000000000000e-01
-1.010852291535275604e+01,5.947514751195310367e+00,7.059156877678036679e+00,7.721388623943396552e-04,9.483349097221493995e-01,5.507263459891028612e-01,2.767376810732918635e+00,-2.500000000000000000e-01
-1.027838258474648647e+01,6.014222244256175465e+00,6.865899072126160796e+00,7.721388623943396552e-04,9.431726514428553365e-01,5.570829847741788354e-01,2.767376810732929737e+00,-2.500000000000000000e-01
-1.044824225414105712e+01,6.080929737329964446e+00,6.672641266574284913e+00,7.721388623943396552e-04,9.382099280447085965e-01,5.630005309137700031e-01,2.767376810732918635e+00,-2.500000000000000000e-01
-1.061810192354247917e+01,6.147637230508870232e+00,6.479383461022408142e+00,7.721388623943396552e-04,9.340191046088320848e-01,5.684119595590209073e-01,2.767376810732918635e+00,-2.500000000000000000e-01
-1.078796159289576551e+01,6.214344722949189936e+00,6.286125655470532259e+00,7.721388623943396552e-04,9.308884308753689885e-01,5.723708785600192250e-01,2.767376810732926629e+00,-2.500000000000000000e-01
-1.095782126246514032e+01,6.281052218705064583e+00,6.092867849918656376e+00,7.721388623943396552e-04,9.291062634371926032e-01,5.754739288368189154e-01,2.767376810732921744e+00,-2.500000000000000000e-01
-1.112768093123379565e+01,6.347759702175094887e+00,5.899610044366780492e+00,7.721388623943396552e-04,9.266469333861017121e-01,5.784802380480791317e-01,2.767376810732926629e+00,-2.500000000000000000e-01
-1.129754060257952553e+01,6.414467225186542443e+00,5.725243232271968630e+00,1.100222711539729920e-02,9.254616307342675707e-01,5.821458261672539658e-01,2.767376810732918635e+00,-2.500000000000000000e-01
-1.146740026677810853e+01,6.481174638535409649e+00,5.376509608082344904e+00,1.100222711539729920e-02,9.250325783309371053e-01,5.853159040537664337e-01,2.767376810732929737e+00,-2.500000000000000000e-01
-1.163725994687455412e+01,6.547882295813997722e+00,5.027775983892722067e+00,1.100222711539729920e-02,9.243160847204716646e-01,5.886338230390398829e-01,2.767376810732918635e+00,-2.500000000000000000e-01
-1.180711960642832814e+01,6.614589637894970231e+00,4.679042359703098342e+00,1.100222711539729920e-02,9.222604951760269287e-01,5.944295168281599206e-01,2.767376810732918635e+00,0.000000000000000000e+00
-1.197697922798021963e+01,6.681296396891875489e+00,4.330308735513474616e+00,1.100222711539729920e-02,9.178111955382700637e-01,6.014707714429431418e-01,2.767376810732929737e+00,0.000000000000000000e+00
-1.214683927035776101e+01,6.748009612850977668e+00,4.072289588185518561e+00,3.257508054196679020e-02,9.099205290293488346e-01,6.061328583493056366e-01,2.767376810732918635e+00,0.000000000000000000e+00
-1.231669721489591041e+01,6.814690640492608864e+00,3.556251293529607338e+00,3.257508054196679020e-02,8.975972382858091736e-01,6.047019083253248883e-01,2.767376810732926629e+00,0.000000000000000000e+00
-1.248656339424879569e+01,6.881498019480235762e+00,3.040212998873696115e+00,3.257508054196679020e-02,8.823437738170331057e-01,5.958799209484667569e-01,2.768327900102055317e+00,0.000000000000000000e+00
-1.265640175543641632e+01,6.947878568874640060e+00,2.782193851545740504e+00,8.126122064522919852e-02,8.664336793572370299e-01,5.853236559104488812e-01,2.907699211542562612e+00,0.000000000000000000e+00
-1.282632176653276268e+01,7.015511918264895286e+00,2.641096925772870030e+00,8.126122064522919852e-02,8.527148951922415288e-01,5.748192676528789402e-01,2.845566280490327671e+00,0.000000000000000000e+00
-1.299604239579864107e+01,7.080086041254570084e+00,2.500000000000000000e+00,8.126122064522919852e-02,8.429394030799666204e-01,5.709808570763762470e-01,2.934099289632992491e+00,0.000000000000000000e+00
-1.316610254452925766e+01,7.149869600367843248e+00,2.500000000000000000e+00,2.021456779134616355e-01,8.425292874605773141e-01,5.705522119528296798e-01,2.878383130861444261e+00,0.000000000000000000e+00
-1.333618061873773897e+01,7.219928200065268697e+00,2.500000000000000000e+00,6.177601987556503582e-01,8.530028661392162759e-01,5.734246738253083731e-01,3.046677466375832921e+00,0.000000000000000000e+00
-1.349621025514235484e+01,7.135777624962835297e+00,2.500000000000000000e+00,1.682350876333792211e+00,7.259978354255895994e-01,7.152072057677844041e-01,-2.985602638643276130e+00,0.000000000000000000e+00
-1.365699826149976381e+01,7.063054870532436524e+00,2.500000000000000000e+00,1.285148993092397163e+00,6.146579645749383758e-01,8.457963097734242375e-01,-2.787634163543667221e+00,0.000000000000000000e+00
-1.382750681728772513e+01,7.139791746222898361e+00,2.500000000000000000e+00,9.322557575405754360e-01,6.534053553727299235e-01,8.444478093571089472e-01,-2.723895747985305871e+00,0.000000000000000000e+00
-1.399737776523615906e+01,7.206993534822398573e+00,2.500000000000000000e+00,6.346128371325050477e-01,6.968661298687203187e-01,8.488435837073419199e-01,-2.651498072250142002e+00,0.000000000000000000e+00
-1.416729277794812525e+01,7.272112648553164860e+00,2.500000000000000000e+00,4.435434838786873057e-01,7.505192331305546860e-01,8.500819525259679654e-01,-2.575704803093151085e+00,0.000000000000000000e+00
-1.433757908507374168e+01,7.338057603239594329e+00,2.500000000000000000e+00,3.554497432552821690e-01,8.150816458287611921e-01,8.442613614465249716e-01,-2.507121679754530597e+00,0.000000000000000000e+00
-1.451268150237982191e+01,7.389641696489369416e+00,2.500000000000000000e+00,3.346380063191714549e-01,8.762682610584460186e-01,8.499618589086342935e-01,-2.437016834156480627e+00,0.000000000000000000e+00
-1.468661394738280990e+01,7.445131902257742240e+00,2.500000000000000000e+00,3.426550775337441346e-01,9.538365617429672705e-01,8.517929600405900192e-01,-2.038313824104921235e+00,0.000000000000000000e+00
-1.486207946243303901e+01,7.494697027933426625e+00,2.500000000000000000e+00,3.467701741598337994e-01,1.037986019457782350e+00,8.592875914594557685e-01,-2.243607218375988310e+00,0.000000000000000000e+00
-1.504139227097023657e+01,7.528459212798268574e+00,2.500000000000000000e+00,3.410017885528938142e-01,1.118238657520416179e+00,8.814556261411888860e-01,-2.188280104069757481e+00,0.000000000000000000e+00
-1.522259127369892262e+01,7.553226602193391592e+00,2.500000000000000000e+00,3.435174927288903723e-01,1.201786445383938196e+00,8.722736029594190255e-01,-2.135861282041974896e+00,0.000000000000000000e+00
-1.540277112621186895e+01,7.528639165469288130e+00,2.500000000000000000e+00,3.659856816544455604e-01,1.252715642084134773e+00,8.748721905427517820e-01,-2.071410995628800489e+00,0.000000000000000000e+00
-1.557189709431797198e+01,7.458868544155562219e+00,2.500000000000000000e+00,4.201791035535090701e-01,1.273505594624584347e+00,9.258209226826623617e-01,-1.987831767640116265e+00,0.000000000000000000e+00
-1.572998138758273612e+01,7.367893827497682402e+00,2.500000000000000000e+00,5.117405479119900846e-01,1.286211473470917799e+00,1.009157245188326835e+00,-1.873150370871399018e+00,0.000000000000000000e+00
-1.588018386975678276e+01,7.264277612468734269e+00,2.500000000000000000e+00,5.890801168637012086e-01,1.297131577792583368e+00,1.113724187552075806e+00,-1.749811577546626973e+00,0.000000000000000000e+00
-1.602358997720108746e+01,7.151418490769481551e+00,2.500000000000000000e+00,5.570971808593457864e-01,1.310226463100129246e+00,1.231946951122121714e+00,-1.703689984761150189e+00,0.000000000000000000e+00
-1.615998715568251853e+01,7.030179016730799368e+00,2.500000000000000000e+00,3.936106610206782097e-01,1.325882145647396815e+00,1.350021254852499908e+00,-1.596868422733664472e+00,0.000000000000000000e+00
-1.628842304211040926e+01,6.900535008871960585e+00,2.500000000000000000e+00,2.137241193805065054e-01,1.342249146633120782e+00,1.415792348289273583e+00,-1.537048727012090055e+00,0.000000000000000000e+00
-1.640801649102840187e+01,6.762678664593662958e+00,2.500000000000000000e+00,2.137241193805065054e-01,1.357670227573989807e+00,1.442694819240530446e+00,-1.514806460461608495e+00,0.000000000000000000e+00
-1.651885284049275882e+01,6.617687212469837377e+00,2.500000000000000000e+00,1.046440074331097952e-01,1.371805923779698677e+00,1.432815690632085470e+00,-1.481600157586618671e+00,0.000000000000000000e+00
-1.662019333364296969e+01,6.465906324533817084e+00,2.669079475996215756e+00,1.046440074331097952e-01,1.383259744201164043e+00,1.417040382503623963e+00,-1.474864517886541160e+00,0.000000000000000000e+00
-1.671108919360735356e+01,6.307648557104443832e+00,2.838158951992431511e+00,1.046440074331097952e-01,1.388184749031187826e+00,1.397377444440644156e+00,-1.474864517886541160e+00,0.000000000000000000e+00
-1.679044120400774531e+01,6.143299291685011987e+00,2.922698689990539389e+00,4.832148020049276127e-02,1.386064007385131802e+00,1.386039806378513539e+00,-1.482058255596183871e+00,0.000000000000000000e+00
-1.685595619012286051e+01,5.972960231674949050e+00,3.170362300611701212e+00,4.832148020049276127e-02,1.373733489799481289e+00,1.364847372325652897e+00,-1.431655882899958598e+00,0.000000000000000000e+00
-1.690414956778645106e+01,5.796995009314458436e+00,3.418025911232862590e+00,4.832148020049276127e-02,1.346046003205218833e+00,1.298559777240092750e+00,-1.431655882899976362e+00,0.000000000000000000e+00
-1.693503526170575313e+01,5.617053134808700499e+00,3.665689521854024413e+00,4.832148020049276127e-02,1.306196775763327267e+00,1.240750169708128459e+00,-1.494143614609516613e+00,0.000000000000000000e+00
-1.694814914354623525e+01,5.435124432182059095e+00,3.742134275539053423e+00,2.214619983718173896e-02,1.251897436431654409e+00,1.195883633254916090e+00,-1.412186040174621793e+00,0.000000000000000000e+00
-1.695100209922147982e+01,5.252592820617553393e+00,3.895023782909110999e+00,2.214619983718173896e-02,1.193960758688604740e+00,1.159738769434605965e+00,-1.412186040174621793e+00,0.000000000000000000e+00
-1.694799676585551396e+01,5.070275368655491555e+00,4.047913290279168130e+00,2.214619983718173896e-02,1.133051398135084709e+00,1.130230202405366313e+00,-1.412186040174621793e+00,0.000000000000000000e+00
-1.693710889377011242e+01,4.888048490849887351e+00,4.200802797649226150e+00,2.214619983718173896e-02,1.070684247146618473e+00,1.109063557517537379e+00,-1.463365515226360714e+00,0.000000000000000000e+00
-1.692193450099079755e+01,4.706234337196274709e+00,4.221908976854048312e+00,1.299890649603081122e-02,1.008768765323292849e+00,1.091450836929870105e+00,-1.408788466585549903e+00,0.000000000000000000e+00
-1.690241191410832755e+01,4.524747113107610019e+00,4.264121335263692636e+00,1.299890649603081122e-02,9.474926185828063119e-01,1.077302461753565810e+00,-1.408788466585549903e+00,0.000000000000000000e+00
-1.689061685516734457e+01,4.342624298510559200e+00,4.306333693673337848e+00,1.299890649603081122e-02,9.018546229348706200e-01,1.055837800455825537e+00,-1.408788466585549903e+00,0.000000000000000000e+00
-1.686943205441679439e+01,4.161493088283529040e+00,4.348546052082982172e+00,1.299890649603081122e-02,8.507311393464285221e-01,1.045124673132922233e+00,-1.408788466585549903e+00,0.000000000000000000e+00
-1.684306722932681311e+01,3.980864595088489999e+00,4.369652231287804334e+00,8.982362770044835867e-03,8.040380912592820506e-01,1.041449641341809729e+00,-1.446903117321863386e+00,0.000000000000000000e+00
-1.681678843151772895e+01,3.800260723083245473e+00,4.308476494164189319e+00,8.982362770044835867e-03,7.659980781468774813e-01,1.037308277432127390e+00,-1.400346817691262347e+00,0.000000000000000000e+00
-1.679642772473289725e+01,3.618958370818226911e+00,4.247300757040575192e+00,8.982362770044835867e-03,7.416645416348413011e-01,1.027624242297004331e+00,-1.400346817691262347e+00,0.000000000000000000e+00
-1.677658516278808065e+01,3.437661060222941156e+00,4.186125019916961065e+00,8.982362770044835867e-03,7.310124653269516326e-01,1.017496847932532367e+00,-1.400346817691262347e+00,0.000000000000000000e+00
-1.674610192516662011e+01,3.257662196134681665e+00,4.124949282793346050e+00,8.982362770044835867e-03,7.179416001145932924e-01,1.018008554159621992e+00,-1.453291395039379097e+00,0.000000000000000000e+00
-1.671717319638062094e+01,3.077484289020965047e+00,4.029704375359211888e+00,5.811651443810499779e-03,7.185520203418035434e-01,1.017309810266149972e+00,-1.395296925837545388e+00,0.000000000000000000e+00
-1.668921053469982141e+01,2.897168370046015795e+00,3.839214560490944006e+00,5.811651443810499779e-03,7.283725201136104221e-01,1.015849306699611043e+00,-1.395296925837528290e+00,0.000000000000000000e+00
-1.666795686038378221e+01,2.715951634349725641e+00,3.648724745622676124e+00,5.811651443810499779e-03,7.529659270475153043e-01,1.006955664140370077e+00,-1.395296925837545610e+00,0.000000000000000000e+00
-1.663733383165044444e+01,2.536013665143529661e+00,3.458234930754408243e+00,5.811651443810499779e-03,7.717334216778373168e-01,1.007563398025607126e+00,-1.477472324120773894e+00,0.000000000000000000e+00
-1.660797946421112670e+01,2.355904099167398513e+00,3.271188134732336827e+00,1.103229766983539716e-02,7.962874569944825565e-01,1.005972796799905922e+00,-1.370626170627471163e+00,0.000000000000000000e+00
-1.657823366760301198e+01,2.175848732645783379e+00,2.897094542688194441e+00,1.103229766983539716e-02,8.213040838484270134e-01,1.003277196120205828e+00,-1.370626170627454066e+00,0.000000000000000000e+00
-1.655585903761080147e+01,1.994758902946705215e+00,2.523000950644052054e+00,1.103229766983539716e-02,8.505235112680307186e-01,9.927634634197941566e-01,-1.380837992357652588e+00,0.000000000000000000e+00
-1.652395707237183942e+01,1.815051310397685302e+00,2.517250712983039040e+00,4.583168415498755505e-02,8.703612200472803373e-01,9.930471126559884398e-01,-1.370068116316355722e+00,0.000000000000000000e+00
-1.649304715977642388e+01,1.635200507258801839e+00,2.505750237661013013e+00,4.583168415498755505e-02,8.931238355875925627e-01,9.919959575775759708e-01,-1.370068116316355722e+00,0.000000000000000000e+00
-1.646239129764116527e+01,1.455312268993276259e+00,2.500000000000000000e+00,1.586540540040992653e-01,9.187240365349406135e-01,9.923481299465221062e-01,-1.340981534957942589e+00,0.000000000000000000e+00
-1.643007527692716963e+01,1.275668270015023031e+00,2.500000000000000000e+00,1.586540540040992653e-01,9.447852131996993252e-01,9.953849837585023730e-01,-1.335752483926755607e+00,0.000000000000000000e+00
-1.640685064830144668e+01,1.094688013430746398e+00,2.500000000000000000e+00,4.862488161337332748e-01,9.867388119832485316e-01,9.894057322864093784e-01,-1.098686553943459154e+00,0.000000000000000000e+00
-1.637598984438364269e+01,9.148526912628739405e-01,2.500000000000000000e+00,1.694911639564119721e+00,1.025238834672470123e+00,9.910312950946020827e-01,-8.461131356358171374e-01,0.000000000000000000e+00
-1.634398830689361048e+01,7.351895320663104361e-01,2.500000000000000000e+00,8.056327202546968991e-01,1.065317996188779981e+00,9.925844942405824822e-01,-6.277055572592038502e-01,0.000000000000000000e+00
-1.631034708193684679e+01,5.557608076366887806e-01,2.500000000000000000e+00,4.721061134087564670e-01,1.101656794887610591e+00,9.954635224747843125e-01,-5.245696428571767767e-01,0.000000000000000000e+00
-1.628764014854408160e+01,3.747536867778654690e-01,2.500000000000000000e+00,3.438730327974127143e-01,1.138581719852703511e+00,9.875457729207535174e-01,-4.840197198117493493e-01,0.000000000000000000e+00
-1.626078577505792921e+01,1.944608558751663718e-01,2.500000000000000000e+00,3.872589136571977786e-01,1.160572358003439275e+00,9.844333193823530115e-01,-4.048142358024765519e-01,0.000000000000000000e+00
-1.622175096984793186e+01,1.605239697679920405e-02,2.500000000000000000e+00,3.950410015484220327e-01,1.164237524421081638e+00,9.946104683343814923e-01,-3.245698889288449185e-01,0.000000000000000000e+00
-1.618699407888198394e+01,-1.630710939692850414e-01,2.500000000000000000e+00,3.542387956385002479e-01,1.170885401149015292e+00,1.000608948634689854e+00,-2.601265167187816196e-01,0.000000000000000000e+00
-1.614931557743558699e+01,-3.416372388716977238e-01,2.500000000000000000e+00,3.638213538064846153e-01,1.177756030643166918e+00,1.008771245616827850e+00,-1.865653872094669985e-01,0.000000000000000000e+00
-1.612149068412318087e+01,-5.220944180832725046e-01,2.500000000000000000e+00,3.854711073816107780e-01,1.202934222394457020e+00,1.005746700440678376e+00,-9.405377239935194811e-02,0.000000000000000000e+00
-1.607120185039543614e+01,-6.969898458896504057e-01,2.500000000000000000e+00,3.854711073816107780e-01,1.217663986332206738e+00,1.023159919128463713e+00,-9.381771426211578391e-02,0.000000000000000000e+00
-1.601105827378231439e+01,-8.696156664542196157e-01,2.500000000000000000e+00,3.901218851745237859e-01,1.237463882834248352e+00,1.050339396950170645e+00,-1.194608449929042415e-02,0.000000000000000000e+00
-1.591967214866619429e+01,-1.027511209975180639e+00,2.500000000000000000e+00,4.807167877222580099e-01,1.241673760131973170e+00,1.114775940048741809e+00,6.464903107111415193e-02,0.000000000000000000e+00
-1.579047510500186213e+01,-1.156532499297948213e+00,2.500000000000000000e+00,7.714431864834362385e-01,1.221341984316430151e+00,1.225339373817582844e+00,1.761182374285993613e-01,0.000000000000000000e+00
-1.564375765624229686e+01,-1.265161819903036999e+00,2.500000000000000000e+00,1.640290413602739417e+00,1.198907105471578083e+00,1.238434861363947315e+00,3.059310636472661882e-01,0.000000000000000000e+00
-1.549234108418199796e+01,-1.367118965364699568e+00,2.500000000000000000e+00,-6.906592881725476252e-01,1.189213852895083301e+00,1.186688960862937625e+00,6.345322373740445165e-01,0.000000000000000000e+00
-1.533375281433474413e+01,-1.457113338094143007e+00,1.800000000000000044e+00,1.288050360987978760e+00,1.193521105532171278e+00,1.145808350826913902e+00,4.976911137335160440e-01,0.000000000000000000e+00
-1.516459526462336171e+01,-1.525399670682949127e+00,1.800000000000000044e+00,1.964117665757769915e+00,1.201535796325944538e+00,1.110539609086242052e+00,7.797654702628873391e-01,0.000000000000000000e+00
-1.499123723433739563e+01,-1.583901186590655819e+00,1.800000000000000044e+00,1.985247443351729091e+00,1.225973685113777467e+00,1.080632433532240810e+00,1.123840808299723104e+00,0.000000000000000000e+00
-1.481176159697133166e+01,-1.613061452360989856e+00,1.800000000000000044e+00,1.327749656816504586e+00,1.240530642317937637e+00,1.085176605348878720e+00,1.406000097434061846e+00,0.000000000000000000e+00
-1.463079381585398409e+01,-1.636074786396608971e+00,1.800000000000000044e+00,7.971666712504152930e-01,1.275101280586087960e+00,1.100153751358948773e+00,1.599537886862548053e+00,0.000000000000000000e+00
-1.444969865160960154e+01,-1.658520667158762008e+00,1.800000000000000044e+00,6.147320942963201418e-01,1.333431005472143882e+00,1.115695862966188612e+00,1.705343106912580398e+00,0.000000000000000000e+00
-1.426720769722250992e+01,-1.662997409643719893e+00,1.800000000000000044e+00,4.752446325763085566e-01,1.396991392744254323e+00,1.124344375817825759e+00,1.756318788106593365e+00,0.000000000000000000e+00
-1.408534526039458079e+01,-1.650615012175177698e+00,1.800000000000000044e+00,3.679129072723219540e-01,1.465434447122144990e+00,1.128510886463990337e+00,1.796300505733899655e+00,0.000000000000000000e+00
-1.390397334340999436e+01,-1.621316135769651279e+00,1.800000000000000044e+00,2.838103419747735612e-01,1.531592736946002287e+00,1.142018911274083282e+00,1.827270386683569559e+00,0.000000000000000000e+00
-1.374990172099875352e+01,-1.530983290513507677e+00,1.800000000000000044e+00,2.160247069889767169e-01,1.551431568902128744e+00,1.217819372324617344e+00,1.850660879838306849e+00,0.000000000000000000e+00
-1.359212148509070417e+01,-1.444421447270777037e+00,1.800000000000000044e+00,1.592512880349362114e-01,1.596480651577449006e+00,1.290237838243420310e+00,1.867469022750116725e+00,0.000000000000000000e+00
-1.343133900464362362e+01,-1.358047006434915049e+00,1.800000000000000044e+00,1.092851995656585057e-01,1.656775255087332477e+00,1.305202911822319622e+00,1.878339605088324982e+00,0.000000000000000000e+00
-1.331346327643931637e+01,-1.218331397657608228e+00,1.800000000000000044e+00,6.254389491684499147e-02,1.665784397520076565e+00,1.154374006706168965e+00,1.883617400536769848e+00,0.000000000000000000e+00
-1.325178637286950512e+01,-1.047003863779943700e+00,1.800000000000000044e+00,1.886478405702616407e-02,1.624149552826680942e+00,1.051138635766808882e+00,1.883373674620961280e+00,0.000000000000000000e+00
-1.323664967925943969e+01,-8.650582217265829765e-01,1.800000000000000044e+00,-1.204220259247157192e-02,1.550378351567403223e+00,9.933402680362911630e-01,1.879535239176217898e+00,0.000000000000000000e+00
-1.325047582451848527e+01,-6.831669807674326522e-01,1.800000000000000044e+00,-2.154060273823100655e-02,1.458022785629781159e+00,9.644258553164526404e-01,1.877217800149955318e+00,0.000000000000000000e+00
-1.328222519748764796e+01,-5.034905020005675524e-01,1.800000000000000044e+00,-1.791777196047112872e-02,1.362362861721506446e+00,9.505311640160419850e-01,1.875828187931653845e+00,0.000000000000000000e+00
-1.332539708451393601e+01,-3.261942194918429072e-01,1.800000000000000044e+00,-1.177083849648440615e-02,1.262884466754022439e+00,9.456650336514585975e-01,1.879684572285225785e+00,0.000000000000000000e+00
-1.337588948671445621e+01,-1.508347139720070118e-01,1.800000000000000044e+00,2.828689181855527281e-03,1.166980758594843959e+00,9.496758765268314972e-01,1.880525086313819871e+00,0.000000000000000000e+00
-1.343079181225255958e+01,2.319809687272954973e-02,1.800000000000000044e+00,1.977831107778623559e-02,1.081209873640075037e+00,9.659558262714782462e-01,1.882732830076863983e+00,0.000000000000000000e+00
-1.348768773862745718e+01,1.965907917014520501e-01,1.800000000000000044e+00,3.774313296013535185e-02,1.001244496723119326e+00,9.890668649056306716e-01,1.888313142822092283e+00,0.000000000000000000e+00
-1.354441463164300785e+01,3.700387820885536749e-01,1.800000000000000044e+00,5.502943260964928557e-02,9.382789994442468640e-01,1.020411705327347374e+00,1.897250504757637124e+00,0.000000000000000000e+00
-1.360044869282054059e+01,5.437119261484655297e-01,1.800000000000000044e+00,6.990428835960463272e-02,8.938272071632547000e-01,1.049717378959325709e+00,1.909305941313170107e+00,0.000000000000000000e+00
-1.365610231912382311e+01,7.175074030823860305e-01,1.800000000000000044e+00,7.463668130388789734e-02,8.677683554928207199e-01,1.063020023904300615e+00,1.924017206524552437e+00,0.000000000000000000e+00
-1.371177983973521997e+01,8.912952560904299215e-01,1.800000000000000044e+00,5.198228751589559736e-03,8.593711865315998288e-01,1.058743828749881821e+00,1.934317791826098754e+00,0.000000000000000000e+00
-1.376796128411790754e+01,1.064920844345273121e+00,1.800000000000000044e+00,-1.043973758292092296e-01,8.670988163893161849e-01,1.052197216635285981e+00,1.924269666740422213e+00,0.000000000000000000e+00
-1.382516918739157319e+01,1.238211104512237704e+00,1.800000000000000044e+00,-2.137894727246776871e-01,8.886606639734897506e-01,1.050911868020676376e+00,1.891906503582406751e+00,0.000000000000000000e+00
-1.388393677611553656e+01,1.410978250794977962e+00,1.800000000000000044e+00,-3.290311905983746010e-01,9.212601319943544143e-01,1.053310991707989253e+00,1.836728442287154595e+00,0.000000000000000000e+00
-1.394469692803425076e+01,1.583056092381708080e+00,1.800000000000000044e+00,-4.521958601445223991e-01,9.614851935109709480e-01,1.058201109132322015e+00,1.757597512604352152e+00,0.000000000000000000e+00
-1.400792526723750164e+01,1.754239594066439034e+00,1.800000000000000044e+00,-5.152149556208863723e-01,1.000185852021794330e+00,1.044042671609313189e+00,1.682710151906784191e+00,0.000000000000000000e+00
-1.407276391642352031e+01,1.924823078178330871e+00,1.800000000000000044e+00,-5.769162192459322824e-01,1.029518893900980059e+00,1.026756678491135499e+00,1.624542304519745350e+00,0.000000000000000000e+00
-1.413650516638865362e+01,2.095818340495631205e+00,1.800000000000000044e+00,-6.345142473504266079e-01,1.038234574383326780e+00,1.018243284840463891e+00,1.560454634390080919e+00,0.000000000000000000e+00
-1.419595581292594311e+01,2.268354873192368615e+00,1.800000000000000044e+00,-6.844567392622288304e-01,1.036804407042216436e+00,1.013615828550843867e+00,1.490948038291121547e+00,0.000000000000000000e+00
-1.424795423520706805e+01,2.443282645039433376e+00,1.800000000000000044e+00,-7.187652768695548255e-01,1.033476252116147798e+00,1.013192237737413404e+00,1.416800701428440279e+00,0.000000000000000000e+00
-1.428902454652731713e+01,2.621099067196746457e+00,1.800000000000000044e+00,-7.194766912853721719e-01,1.038021650313223576e+00,1.015123070742149913e+00,1.340471895549335990e+00,0.000000000000000000e+00
-1.431538331935475306e+01,2.801696251969176377e+00,1.800000000000000044e+00,-6.881796388407057652e-01,1.056869609290423506e+00,1.017840331839352741e+00,1.267374771991835791e+00,0.000000000000000000e+00
-1.432305051813070129e+01,2.983957807117694205e+00,1.800000000000000044e+00,-6.537297790543722398e-01,1.094237985006843106e+00,1.017573484075430024e+00,1.197385895669399680e+00,0.000000000000000000e+00
-1.430847337848109468e+01,3.165775373847971252e+00,1.800000000000000044e+00,-6.297882688985446675e-01,1.153814993659946442e+00,1.012261045750806332e+00,1.095063763271856283e+00,0.000000000000000000e+00
-1.426996692961157365e+01,3.344062989389227525e+00,1.800000000000000044e+00,-6.701222586355072286e-01,1.232813240816473810e+00,1.005507329564316654e+00,9.563435305988400303e-01,0.000000000000000000e+00
-1.421022542363157015e+01,3.516435465156040330e+00,1.800000000000000044e+00,-7.810741248202173193e-01,1.324514717903990668e+00,9.992652055370105924e-01,8.047955681498580871e-01,0.000000000000000000e+00
-1.413059578391735727e+01,3.680576872884970818e+00,1.800000000000000044e+00,-9.752734690907219894e-01,1.419570647795597829e+00,9.913946000865861974e-01,6.280643910520055107e-01,0.000000000000000000e+00
-1.403229121431779980e+01,3.834395026170349663e+00,1.800000000000000044e+00,-1.218949826666656966e+00,1.400129940866152500e+00,9.915858168096262082e-01,4.136051648334115316e-01,0.000000000000000000e+00
-1.391568936310056515e+01,3.974826548404920779e+00,1.800000000000000044e+00,-1.152792618876433028e+00,1.240660979467369529e+00,9.853737733079970251e-01,1.809367615174185817e-01,0.000000000000000000e+00
-1.378034406198529283e+01,4.097246156669555717e+00,1.800000000000000044e+00,-8.335376091541691901e-01,1.088633846930560312e+00,9.805265937071262483e-01,-6.148877535819543411e-02,0.000000000000000000e+00
-1.362590827306720698e+01,4.194863073991562885e+00,1.800000000000000044e+00,-5.319466713107643407e-01,9.499129404220951756e-01,9.657832431100520365e-01,-1.891304850315394526e-01,0.000000000000000000e+00
-1.345437482051340083e+01,4.256045799799840879e+00,1.800000000000000044e+00,-4.053588014551208762e-01,8.366350942735031326e-01,9.284801514212288609e-01,-1.891304850315480013e-01,0.000000000000000000e+00
-1.327302722182967720e+01,4.282659884119493832e+00,1.800000000000000044e+00,-2.940344827463509114e-01,7.519098035974897121e-01,8.765898479910904095e-01,-1.891304850315456421e-01,0.000000000000000000e+00
-1.309309688149071782e+01,4.256309513634417563e+00,1.800000000000000044e+00,-1.948526472863650050e-01,7.158130191243756713e-01,7.941860623199956670e-01,-1.891304850315418118e-01,0.000000000000000000e+00
-1.291387308949613910e+01,4.221881379553307667e+00,1.800000000000000044e+00,-1.041180541531008391e-01,6.906973007239997076e-01,7.206980487121618095e-01,-1.891304850315456421e-01,0.000000000000000000e+00
-1.273465502171231911e+01,4.187391018266469089e+00,1.800000000000000044e+00,-1.802041452721515197e-02,6.701269599161832069e-01,6.624027028527504912e-01,-1.891304850315418118e-01,0.000000000000000000e+00
-1.255541622343037922e+01,4.153126015727782949e+00,1.800000000000000044e+00,6.722765857008741741e-02,6.513486206427087088e-01,6.254072229481306699e-01,-1.891304850315480013e-01,0.000000000000000000e+00
-1.237618179018034859e+01,4.118813561453474215e+00,1.800000000000000044e+00,1.553989886880847715e-01,6.332122270491868932e-01,6.040974044048192937e-01,-1.891304850315456421e-01,0.000000000000000000e+00
-1.219694708555324070e+01,4.084504057266689969e+00,1.800000000000000044e+00,2.499090488349081929e-01,6.174069079395652082e-01,5.968287624279585701e-01,-1.891304850315394526e-01,0.000000000000000000e+00
-1.201771229371506955e+01,4.050195501257402242e+00,1.800000000000000044e+00,3.374274174431463047e-01,6.031503194615057684e-01,5.782063932607861556e-01,-1.891304850315480013e-01,0.000000000000000000e+00
-1.183847752910248730e+01,4.015886649104790429e+00,1.800000000000000044e+00,3.458727960270977508e-01,5.897462544128698747e-01,5.417904647038949140e-01,-1.891304850315449204e-01,0.000000000000000000e+00
-1.165924275933613963e+01,3.981577850508797312e+00,1.800000000000000044e+00,2.051215532236202177e-01,5.741685182145145339e-01,5.032872336060388863e-01,-1.891304850315425334e-01,0.000000000000000000e+00
-1.148000800599421289e+01,3.947268894474411649e+00,1.800000000000000044e+00,4.355907682510139906e-02,5.580752512554449929e-01,4.721006723283264206e-01,-1.891304850315480013e-01,0.000000000000000000e+00
-1.130077319959295856e+01,3.912960447792593222e+00,1.800000000000000044e+00,-1.218843129726757957e-01,5.415956281329495914e-01,4.496095043688611570e-01,-1.891304850315425334e-01,0.000000000000000000e+00
-1.112153822860813612e+01,3.878653581687918628e+00,1.800000000000000044e+00,-2.770764838710156885e-01,5.242425601060799467e-01,4.346888214648770843e-01,-1.891304850315449204e-01,0.000000000000000000e+00
-1.094230591285039189e+01,3.844321216661924279e+00,1.800000000000000044e+00,-4.050301898140488133e-01,5.055098584100109482e-01,4.168725887997355994e-01,-1.891304850315425334e-01,0.000000000000000000e+00
-1.076306097257153915e+01,3.810110088595200839e+00,1.800000000000000044e+00,-4.526811540587001303e-01,4.853367799481590472e-01,3.936776034439367078e-01,-1.891304850315480013e-01,0.000000000000000000e+00
-1.058381961766006185e+01,3.775864529199463693e+00,1.800000000000000044e+00,-4.864251598262910314e-01,4.657523457474432305e-01,3.793438856553623117e-01,-1.891304850315425334e-01,0.000000000000000000e+00
-1.040494370317141559e+01,3.738109538786647867e+00,1.800000000000000044e+00,-4.981690762924112503e-01,4.478123702071074574e-01,3.889464014944260528e-01,-1.891304850315449204e-01,0.000000000000000000e+00
-1.023254526895966521e+01,3.688944395344566640e+00,1.800000000000000044e+00,-4.769117754206081417e-01,4.461429776921245760e-01,4.202454793658799148e-01,-1.891304850315449204e-01,0.000000000000000000e+00
-1.007663745918160103e+01,3.591603504331936758e+00,1.800000000000000044e+00,-4.359043635780945891e-01,5.017297290504091345e-01,4.369324992010669706e-01,-1.891304850315432551e-01,0.000000000000000000e+00
-9.926805555003980430e+00,3.486782241661899207e+00,1.800000000000000044e+00,-4.010602117595652993e-01,5.674783402595300341e-01,4.766453990608641722e-01,-4.876678732839681563e-01,0.000000000000000000e+00
-9.784499306502890903e+00,3.372770392779977477e+00,1.800000000000000044e+00,-3.816041831322863342e-01,6.516508022133337130e-01,5.347284796112251604e-01,-5.285495276697679268e-01,0.000000000000000000e+00
-9.652561079521460030e+00,3.246375111025403992e+00,1.800000000000000044e+00,-3.764021101002971159e-01,7.481770942664176527e-01,6.036407911948734606e-01,-5.683397967185785937e-01,0.000000000000000000e+00
-9.535747325664587493e+00,3.105957884112992229e+00,1.800000000000000044e+00,-3.848585519032240998e-01,8.630356986082857729e-01,6.766236451635141425e-01,-6.262493835281846000e-01,0.000000000000000000e+00
-9.443059137191296415e+00,2.948750088110421164e+00,1.800000000000000044e+00,-4.479761595711606592e-01,9.459444817568398722e-01,7.563532870865701252e-01,-7.009806093761937751e-01,0.000000000000000000e+00
-9.397758307995049520e+00,2.772031351437263869e+00,1.800000000000000044e+00,-6.009710829866635740e-01,9.067387685732669622e-01,8.074702382792922073e-01,-8.497762307582914509e-01,0.000000000000000000e+00
-9.436221407834109343e+00,2.594878391169755716e+00,1.800000000000000044e+00,-9.238910320052555747e-01,9.369394612326523708e-01,8.133630720682147874e-01,-1.064804743054756919e+00,0.000000000000000000e+00
-9.542835925490933846e+00,2.446849206097703622e+00,1.800000000000000044e+00,-1.580936893470205495e+00,1.024724000218044884e+00,7.660310921017619012e-01,-1.332699053736227546e+00,0.000000000000000000e+00
-9.677602709123789282e+00,2.323792008269644604e+00,1.800000000000000044e+00,-2.627016987654374969e+00,9.910061674296110068e-01,7.163360246041674539e-01,-1.718813677731195311e+00,0.000000000000000000e+00
-9.823351100974155869e+00,2.213961699310340592e+00,1.800000000000000044e+00,-2.595767637501434688e+00,9.370616285928065059e-01,6.763095881524803232e-01,-2.093004188087297823e+00,0.000000000000000000e+00
-9.973313285041218279e+00,2.109966461088980783e+00,1.800000000000000044e+00,-1.469547247619523933e+00,8.852262465345407394e-01,6.505680173430664626e-01,-2.334007269917192762e+00,0.000000000000000000e+00
-1.012397286775187943e+01,2.006989623575960113e+00,1.800000000000000044e+00,-6.993169026346108819e-01,8.400960346548694835e-01,6.438665321145107256e-01,-2.466376194357493556e+00,0.000000000000000000e+00
-1.027290094530827247e+01,1.901516330663588050e+00,1.800000000000000044e+00,-2.909297230945825929e-01,8.018266048422351133e-01,6.511165606823058338e-01,-2.528198207390033758e+00,0.000000000000000000e+00
-1.041777008242210201e+01,1.790523457981482380e+00,1.800000000000000044e+00,-5.701597964045009709e-02,7.721186181459203102e-01,6.792379573995758202e-01,-2.541516982326145424e+00,0.000000000000000000e+00
-1.055587505468878007e+01,1.671182723940699555e+00,1.800000000000000044e+00,1.074754237261639350e-01,7.538399218484204134e-01,7.259646615563301042e-01,-2.515987423632123132e+00,0.000000000000000000e+00
-1.068468313776317480e+01,1.541883232333725484e+00,1.800000000000000044e+00,2.552520059978775624e-01,7.518414314921749719e-01,7.929944897720332397e-01,-2.453713617358197485e+00,0.000000000000000000e+00
-1.080260496148968485e+01,1.402549699885389689e+00,1.800000000000000044e+00,3.942442766088040118e-01,7.726713866237031603e-01,8.765530557464071837e-01,-2.357323039353724337e+00,0.000000000000000000e+00
-1.090847469862707442e+01,1.253868549524684850e+00,1.800000000000000044e+00,4.392638790659993964e-01,8.060685602819011031e-01,9.239412300950073931e-01,-2.251224753790654454e+00,0.000000000000000000e+00
-1.100023855068336687e+01,1.096082888383219434e+00,1.800000000000000044e+00,4.739899014524416310e-01,8.619085320978105980e-01,9.073800517310480762e-01,-2.139770366485043596e+00,0.000000000000000000e+00
-1.107479510423788582e+01,9.294692949518896796e-01,1.800000000000000044e+00,5.497807513858092854e-01,9.252331357515219956e-01,9.244371003698252931e-01,-2.015832252387844026e+00,0.000000000000000000e+00
-1.112735996431447028e+01,7.546566586311411751e-01,1.800000000000000044e+00,6.826827074062651324e-01,9.947838066012295588e-01,9.714479415031103127e-01,-1.870436297031172090e+00,0.000000000000000000e+00
-1.115062272488835937e+01,5.736392136187398183e-01,1.800000000000000044e+00,8.946415315860988260e-01,1.064614332270280572e+00,9.393523481381867990e-01,-1.692474575265479508e+00,0.000000000000000000e+00
-1.113457643903712757e+01,3.917912929445551140e-01,1.800000000000000044e+00,1.196813508483805411e+00,1.114357167145762606e+00,9.190944280517574505e-01,-1.470684735141518651e+00,0.000000000000000000e+00
-1.106975543693639885e+01,2.215098959922444100e-01,1.800000000000000044e+00,1.528902163318917040e+00,1.143442354223537016e+00,9.488158568291825690e-01,-1.202172961465634016e+00,0.000000000000000000e+00
-1.096092023314825070e+01,7.473633521733157037e-02,1.800000000000000044e+00,1.543893091243820903e+00,1.138095037524466946e+00,1.029624232798418193e+00,-9.315917386028591540e-01,0.000000000000000000e+00
-1.082254468451074914e+01,-4.363403288159183047e-02,1.800000000000000044e+00,9.654825668910237413e-01,1.113516533949452159e+00,1.065808207458728507e+00,-7.174468987037454504e-01,0.000000000000000000e+00
-1.067251741099220119e+01,-1.488354156540629969e-01,1.800000000000000044e+00,8.893732427170363275e-01,1.089138270551751386e+00,1.056991542026643582e+00,-5.574357427571299262e-01,0.000000000000000000e+00
-1.051882192209976985e+01,-2.453338967529933856e-01,1.800000000000000044e+00,1.324888388659638261e-01,1.070675759619330369e+00,1.045436962553429883e+00,-6.408682272769947730e-01,0.000000000000000000e+00
-1.034742835402306760e+01,-3.128545669952483843e-01,1.800000000000000044e+00,1.009679284763485563e-01,1.029792586317827663e+00,1.052455815608721812e+00,-4.873954688024396131e-01,0.000000000000000000e+00
-1.018401402406562717e+01,-3.940652390014138806e-01,2.500000000000000000e+00,5.058494638855944858e-01,1.019074294414808346e+00,1.011739502231708165e+00,-2.510199229540206467e-01,0.000000000000000000e+00
-1.012184080730982672e+01,-5.732903776009324881e-01,2.500000000000000000e+00,1.318288206968442289e+00,1.153844742116781230e+00,8.442221375458028865e-01,-2.375095972841075598e-01,-2.500000000000000000e-01
-1.002820529031670382e+01,-7.123949484235785334e-01,2.500000000000000000e+00,7.011325422227989712e-01,1.248735594969837992e+00,7.188278292005830794e-01,-1.939266186006929731e-03,-2.500000000000000000e-01
-9.841662361417688132e+00,-7.289268711656240463e-01,2.500000000000000000e+00,7.011325422227989712e-01,1.205242953698955510e+00,7.229488844390075108e-01,-2.454065225716170646e-03,-2.500000000000000000e-01
-9.661312954210695025e+00,-7.273219771799459554e-01,2.500000000000000000e+00,1.917846074284990376e-01,1.161251579317240434e+00,7.393849714905923465e-01,-2.454065225715899162e-03,-2.500000000000000000e-01
-9.478236624702374158e+00,-7.283341319811584835e-01,2.500000000000000000e+00,1.917846074284990376e-01,1.133942381888939144e+00,7.485686933489580364e-01,-2.454065225716194065e-03,-2.500000000000000000e-01
-9.295908150746068799e+00,-7.286285346415217745e-01,2.652334618176995118e+00,6.298211241415788142e-02,1.120233234051523308e+00,7.527464663265311939e-01,-2.454065225716170646e-03,-2.500000000000000000e-01
-9.113376728952831130e+00,-7.291177158845144612e-01,2.957003854530985798e+00,6.298211241415788142e-02,1.119933253323441624e+00,7.486842373570494757e-01,-2.454065225716194065e-03,-2.500000000000000000e-01
-8.930899878060465369e+00,-7.295545228677755567e-01,3.261673090884976034e+00,6.298211241415788142e-02,1.131510220366571673e+00,7.347103792821697565e-01,-2.454065225716194065e-03,-2.500000000000000000e-01
-8.748408496854555239e+00,-7.300052752762219432e-01,3.402757229596093502e+00,2.670422954483937447e-02,1.153410309669187228e+00,7.172890372421539817e-01,-2.454065225715875743e-03,-2.500000000000000000e-01
-8.565920943227167683e+00,-7.304523541775719275e-01,3.684925507018327995e+00,2.670422954483937447e-02,1.181220219789349102e+00,7.002330182645790657e-01,-2.454065225716194065e-03,-2.500000000000000000e-01
-8.383432393426422991e+00,-7.309003891533357722e-01,3.967093784440562487e+00,2.670422954483937447e-02,1.209020614179472153e+00,6.902745286735350039e-01,-2.454065225716170646e-03,-2.500000000000000000e-01
-8.200944099303738355e+00,-7.313481787428485204e-01,4.249262061862797424e+00,2.670422954483937447e-02,1.221528594896348130e+00,6.886430653341432118e-01,-2.454065225716194065e-03,-2.500000000000000000e-01
-8.018455740640733964e+00,-7.317960302747302803e-01,4.360819484342335350e+00,1.565154860939804715e-02,1.216122535757341971e+00,6.898591662069065711e-01,-2.454065225716194065e-03,-2.500000000000000000e-01
-7.835967397937453782e+00,-7.322438664893246019e-01,4.583934329301412092e+00,1.565154860939804715e-02,1.203257242492139945e+00,6.900897252798789960e-01,-2.454065225715875743e-03,-2.500000000000000000e-01
-7.653479051391545163e+00,-7.326917063918678696e-01,4.807049174260488833e+00,1.565154860939804715e-02,1.188081977410844869e+00,6.818398519129706958e-01,-2.454065225716194065e-03,-2.500000000000000000e-01
-7.470990705737523996e+00,-7.331395454384199706e-01,5.030164019219565574e+00,1.565154860939804715e-02,1.174715049410581136e+00,6.653868682921202371e-01,-2.454065225716182356e-03,-2.500000000000000000e-01
-7.288502359887476523e+00,-7.335873846731136849e-01,5.253278864178642316e+00,1.565154860939804715e-02,1.162569107311089978e+00,6.446023599919198377e-01,-2.454065225716182356e-03,-2.500000000000000000e-01
-7.106014014076745156e+00,-7.340352238700661447e-01,5.314684384377919457e+00,9.588204107015642352e-03,1.156933179842411397e+00,6.234127420573530864e-01,-2.454065225716194065e-03,-2.500000000000000000e-01
-6.923525668259497223e+00,-7.344830630732810395e-01,5.437495424776474628e+00,9.588204107015642352e-03,1.153981753281116074e+00,6.058516580124804207e-01,-2.454065225715887453e-03,-2.500000000000000000e-01
-6.741037322442783086e+00,-7.349309022759763499e-01,5.560306465175028912e+00,9.588204107015642352e-03,1.154743274937350517e+00,5.928875692059782931e-01,-2.454065225716182356e-03,-2.500000000000000000e-01
-6.558548976626290106e+00,-7.353787414784659360e-01,5.683117505573583195e+00,9.588204107015642352e-03,1.158294973803003280e+00,5.855531173720209814e-01,-2.454065225716194065e-03,-2.500000000000000000e-01
-6.376060630809628371e+00,-7.358265806811119525e-01,5.805928545972138366e+00,9.588204107015642352e-03,1.161892653805861597e+00,5.875178347469293128e-01,-2.454065225716170646e-03,-2.500000000000000000e-01
-6.193572284993046573e+00,-7.362744198836869147e-01,5.928739586370692649e+00,9.588204107015642352e-03,1.164648779095163178e+00,5.899570737163534195e-01,-2.454065225715899162e-03,-2.500000000000000000e-01
-6.011083939176428359e+00,-7.367222590862891884e-01,5.952106099265787265e+00,3.652323065484109742e-03,1.165384521018627106e+00,5.857193298866553155e-01,-2.454065225716182356e-03,-2.500000000000000000e-01
-5.828595593359829685e+00,-7.371700982888814702e-01,5.998839125055976496e+00,3.652323065484109742e-03,1.162710600988203780e+00,5.703361053132053327e-01,-2.454065225716182356e-03,-2.500000000000000000e-01
-5.646107247543218577e+00,-7.376179374914775266e-01,6.045572150846165727e+00,3.652323065484109742e-03,1.157037694692118812e+00,5.532846962211047659e-01,-2.454065225716194065e-03,-2.500000000000000000e-01
-5.463618901726615462e+00,-7.380657766940721398e-01,6.092305176636354958e+00,3.652323065484109742e-03,1.149151857907118934e+00,5.363588051645410415e-01,-2.454065225716182356e-03,-2.500000000000000000e-01
-5.281130555910006130e+00,-7.385136158966675302e-01,6.139038202426544188e+00,3.652323065484109742e-03,1.139835258987472733e+00,5.310423547310439973e-01,-2.454065225715887453e-03,-2.500000000000000000e-01
-5.098642210093403015e+00,-7.389614550992613662e-01,6.185771228216733419e+00,3.652323065484109742e-03,1.129864305390442691e+00,5.323012834974818475e-01,-2.454065225716182356e-03,-2.500000000000000000e-01
-4.916153864276792795e+00,-7.394092943018606423e-01,6.209137741111828035e+00,-1.462494739732434976e-03,1.120007735559304995e+00,5.336718691812490922e-01,-2.454065225716194065e-03,-2.500000000000000000e-01
-4.733665518460197674e+00,-7.398571335044397124e-01,6.185482874951968135e+00,-1.462494739732434976e-03,1.110915475225437099e+00,5.302532456154323004e-01,-2.454065225716182356e-03,-2.500000000000000000e-01
-4.551177172643559032e+00,-7.403049727070948327e-01,6.161828008792109124e+00,-1.462494739732434976e-03,1.102241610874896693e+00,5.172325809682448705e-01,-2.454065225716182356e-03,-2.500000000000000000e-01
-4.368688826827066940e+00,-7.407528119094669572e-01,6.138173142632249224e+00,-1.462494739732434976e-03,1.093404492623878621e+00,4.978466954561039381e-01,-2.454065225715887453e-03,-2.500000000000000000e-01
-4.186200481010051710e+00,-7.412006511128800268e-01,6.114518276472389324e+00,-1.462494739732434976e-03,1.085891774143937338e+00,4.762805625425772793e-01,-2.454065225716194065e-03,-2.500000000000000000e-01
-4.003712135194923860e+00,-7.416484903124999084e-01,6.090863410312530313e+00,-1.462494739732434976e-03,1.079929346217880060e+00,4.565610630441060414e-01,-2.454065225716182356e-03,-2.500000000000000000e-01
-3.821223789372997448e+00,-7.420963295258228287e-01,6.067208544152670413e+00,-1.462494739732434976e-03,1.075620991625886758e+00,4.423311267536157443e-01,-2.454065225716182356e-03,-2.500000000000000000e-01
-3.638735443575399131e+00,-7.425441686900681182e-01,6.017680745620745064e+00,-3.034254228102984102e-03,1.070770521889965687e+00,4.309494514439973223e-01,-2.454065225716182356e-03,-2.500000000000000000e-01
-3.456247097691456993e+00,-7.429920080285380424e-01,5.918625148556893478e+00,-3.034254228102984102e-03,1.067933528024847201e+00,4.270689961502999177e-01,-2.454065225715899162e-03,-2.500000000000000000e-01
-3.273758752111203485e+00,-7.434398467541921685e-01,5.819569551493042781e+00,-3.034254228102984102e-03,1.067099111969699310e+00,4.294169703167957652e-01,-2.454065225716182356e-03,-2.500000000000000000e-01
-3.091270405473214744e+00,-7.438876876142905825e-01,5.720513954429191195e+00,-3.034254228102984102e-03,1.066888841628732765e+00,4.307257786366131547e-01,-2.454065225716182356e-03,-2.500000000000000000e-01
-2.908782062480185893e+00,-7.443355211190421095e-01,5.621458357365340497e+00,-3.034254228102984102e-03,1.067040728887268086e+00,4.244561695762593123e-01,-2.454065225716182356e-03,-2.500000000000000000e-01
-2.726293707074516348e+00,-7.447833796719288690e-01,5.522402760301488911e+00,-3.034254228102984102e-03,1.068865654369352880e+00,4.107412650049403480e-01,-2.454065225715899162e-03,-2.500000000000000000e-01
-2.543805393374510615e+00,-7.452311540646822108e-01,5.426963438485742586e+00,9.192548058029075724e-04,1.072099350052141853e+00,3.932471226899324490e-01,-2.454065225716182356e-03,-2.500000000000000000e-01
-2.361316941722236606e+00,-7.456792068388657935e-01,5.236084794854250823e+00,9.192548058029075724e-04,1.076404091966853382e+00,3.708384255081560998e-01,-2.454065225716182356e-03,-2.500000000000000000e-01
-2.178828937911107655e+00,-7.461263558898633130e-01,5.045206151222759061e+00,9.192548058029075724e-04,1.080304996651436422e+00,3.498503263589445855e-01,-2.454065225716194065e-03,-2.500000000000000000e-01
-1.996339513618726302e+00,-7.465763714078487157e-01,4.854327507591267299e+00,9.192548058029075724e-04,1.081354091801622452e+00,3.345937113754631764e-01,-2.454065225716170646e-03,-2.500000000000000000e-01
-1.813854461596721146e+00,-7.470175638817174724e-01,4.663448863959775537e+00,9.192548058029075724e-04,1.077128835067622692e+00,3.287625416740891371e-01,-2.454065225715899162e-03,-2.500000000000000000e-01
-1.631356493475681679e+00,-7.474848204600087476e-01,4.568009542144029211e+00,1.143384481552549813e-02,1.065553233884583006e+00,3.242342273010751508e-01,-2.454065225716194065e-03,-2.500000000000000000e-01
-1.448894424202415099e+00,-7.478796347850762416e-01,4.207544275834854020e+00,1.143384481552549813e-02,1.045271121165089134e+00,3.262217765908491107e-01,-2.454065225716170646e-03,-2.500000000000000000e-01
-1.266342308202019318e+00,-7.484561593380170130e-01,3.847079009525678828e+00,1.143384481552549813e-02,1.017379450774561711e+00,3.253700122058943434e-01,-2.454065225716194065e-03,-2.500000000000000000e-01
-1.083971746130472535e+00,-7.486663162634469293e-01,3.486613743216503636e+00,1.143384481552549813e-02,9.893235009872716201e-01,3.142484879689123600e-01,-2.454065225716170646e-03,-2.500000000000000000e-01
-9.014575071670719586e-01,-7.491664066666591237e-01,3.306381110061916040e+00,3.761574093697497151e-02,9.578023607695502761e-01,2.961443614544990166e-01,-2.454065225715899162e-03,0.000000000000000000e+00
-7.176687830749265418e-01,-7.522383504904688323e-01,2.983828666037149802e+00,3.761574093697497151e-02,9.330212710912257901e-01,2.791639871074412804e-01,-2.454065225716194065e-03,0.000000000000000000e+00
-6.080853922754477781e-01,-6.055924381804904666e-01,2.661276222012383119e+00,3.761574093697497151e-02,7.744141728871563046e-01,4.178310045407777062e-01,-2.454065225716178453e-03,0.000000000000000000e+00
-4.837743358832601870e-01,-4.888225166333501348e-01,2.500000000000000000e+00,1.150401198210791176e-01,6.470717217546160249e-01,5.311520012957193781e-01,1.086982647904373711e-01,0.000000000000000000e+00
-2.942001635727166109e-01,-5.033322811939030528e-01,2.500000000000000000e+00,1.150401198210791176e-01,6.494695888547352691e-01,5.204773844441080710e-01,1.086982647904373572e-01,0.000000000000000000e+00
-1.132135351395693879e-01,-5.013863136276500709e-01,2.500000000000000000e+00,3.669813211466766978e-01,6.570158369250076458e-01,5.242056917318537179e-01,2.726448124577121046e-01,0.000000000000000000e+00
6.879454166215048794e-02,-4.893287274497560291e-01,2.500000000000000000e+00,1.108759828430227357e+00,6.828611414417109504e-01,5.282671671685952308e-01,2.051610574274074783e-01,0.000000000000000000e+00
2.503487921223229162e-01,-4.706850578667815532e-01,2.500000000000000000e+00,1.926898210146039903e+00,7.377916760681941799e-01,5.300721209658406652e-01,4.903465350546042378e-01,0.000000000000000000e+00
4.298247356222911764e-01,-4.380962603189010318e-01,2.500000000000000000e+00,1.489158923252352773e+00,8.070819280542473884e-01,5.449704207468912820e-01,7.633939579427027056e-01,0.000000000000000000e+00
5.997409599233345379e-01,-3.725986874034246665e-01,2.500000000000000000e+00,1.044689178062314872e+00,8.791773039648049792e-01,5.989263629097679731e-01,1.011368376347492992e+00,0.000000000000000000e+00
7.416643716509293549e-01,-2.572226315300641941e-01,2.500000000000000000e+00,8.077199402960133501e-01,9.279828599293833413e-01,7.113019633249133555e-01,1.190337166723605788e+00,0.000000000000000000e+00
8.496407653255085846e-01,-1.100705454552174112e-01,2.500000000000000000e+00,7.937838486773246549e-01,9.596069696824460760e-01,8.591841513760558602e-01,1.336626007881272171e+00,0.000000000000000000e+00
9.291174758123749156e-01,5.424590750498235053e-02,2.500000000000000000e+00,7.419271758809079520e-01,9.921307514153760998e-01,1.025261646789132453e+00,1.451802784688150050e+00,0.000000000000000000e+00
9.839469867650617596e-01,2.283337065846426928e-01,2.500000000000000000e+00,6.541164634970980662e-01,1.029089873347506678e+00,1.200014046274816337e+00,1.546124484420634992e+00,0.000000000000000000e+00
1.014407957085845080e+00,4.081685505593208307e-01,2.500000000000000000e+00,6.323109677240410509e-01,1.065264941356218076e+00,1.380921183477726188e+00,1.645296660229395025e+00,0.000000000000000000e+00
1.022145233397243835e+00,5.904521038082064521e-01,2.500000000000000000e+00,6.888949537721745786e-01,1.108887104504767906e+00,1.439488008614857151e+00,1.747074371901036649e+00,0.000000000000000000e+00
1.008547003527581420e+00,7.723927587162920938e-01,2.500000000000000000e+00,7.676203549292214268e-01,1.151127933743835152e+00,1.270058634903757033e+00,1.844399599490159192e+00,0.000000000000000000e+00
9.701793501191920965e-01,9.507376943875122111e-01,2.500000000000000000e+00,9.201475847564370980e-01,1.192397435355915469e+00,1.111442146407311427e+00,1.932347237381814908e+00,0.000000000000000000e+00
9.053394279622615226e-01,1.121212396330521388e+00,2.500000000000000000e+00,1.162438780237048608e+00,1.223471104419578515e+00,9.694002124073198834e-01,2.065967169429843153e+00,0.000000000000000000e+00
8.064623520392270040e-01,1.275269486674190045e+00,2.500000000000000000e+00,1.183151968506048979e+00,1.231030517905473243e+00,8.569879482190971842e-01,2.399064903238714574e+00,0.000000000000000000e+00
6.761103186415672317e-01,1.404485693024958293e+00,2.500000000000000000e+00,8.226040999454409253e-01,1.211455594461889440e+00,7.813756713432459255e-01,2.619692339958505478e+00,0.000000000000000000e+00
5.235277621971863304e-01,1.504304961668007312e+00,2.500000000000000000e+00,4.714438410066699170e-01,1.165977481908420543e+00,7.484777130623991859e-01,2.684218251388260423e+00,0.000000000000000000e+00
3.567832552610495367e-01,1.578306108417794285e+00,2.500000000000000000e+00,2.609000007036116897e-01,1.100599720600933917e+00,7.456400023478876316e-01,2.724211762295039918e+00,0.000000000000000000e+00
