2.275113862698110723e-01,1.638243485155492785e+00,2.500000000000000000e+00,1.331467409456987550e-01,1.056721748865469657e+00,7.432342452241830211e-01,2.726334076637163761e+00,0.000000000000000000e+00
5.076707593267252433e-02,1.687622217512553480e+00,2.500000000000000000e+00,6.874409898538803854e-02,9.795583984424012236e-01,7.679411768070270039e-01,2.903097084105514369e+00,0.000000000000000000e+00
-1.201325369718505010e-01,1.755656608275944386e+00,2.500000000000000000e+00,-7.259806280162482695e-02,9.282004519772245610e-01,7.707328965638287066e-01,2.767376810732922632e+00,0.000000000000000000e+00
-2.930281214716888849e-01,1.833669740615647914e+00,2.500000000000000000e+00,-7.259806280162482695e-02,8.934883482529942800e-01,7.639243203643120150e-01,2.767376810732922632e+00,0.000000000000000000e+00
-4.380520970154107574e-01,1.749182707988083507e+00,2.586031966862127884e+00,-5.318614724535008359e-02,7.463031594125725254e-01,8.969900552119079995e-01,2.767376810732923520e+00,4.000000000000000222e-01
-5.690718044446294588e-01,1.586233618211751129e+00,2.758095900586384097e+00,-5.318614724535008359e-02,5.377282770509930199e-01,1.096607673842391328e+00,2.767376810732921300e+00,4.000000000000000222e-01
-7.217803849190307375e-01,1.548005658944538343e+00,2.844127867448511982e+00,-1.197322903657672619e-02,4.300081044473798020e-01,1.190069035343450432e+00,2.767376810732923520e+00,4.000000000000000222e-01
-8.963491363679751966e-01,1.634877215693017360e+00,3.176589503717184737e+00,-1.197322903657672619e-02,4.269185000023704712e-01,1.176310614211261818e+00,2.767376810732923076e+00,4.000000000000000222e-01
-1.066705887963147914e+00,1.697652093444408372e+00,3.509051139985857048e+00,-1.197322903657672619e-02,4.193400552001319559e-01,1.184620516913516886e+00,2.767376810732923964e+00,4.000000000000000222e-01
-1.237957402418129460e+00,1.765545872943152350e+00,3.841512776254529804e+00,-1.197322903657672619e-02,4.260870750664024209e-01,1.190798154176687218e+00,2.767376810732921300e+00,4.000000000000000222e-01
-1.409095330035815774e+00,1.832789826788616461e+00,3.966463913674675545e+00,1.292369754198012229e-03,4.372641863663769279e-01,1.197507499074005999e+00,2.767376810732923964e+00,4.000000000000000222e-01
-1.580210796762600900e+00,1.899905282795329553e+00,4.216366188514967028e+00,1.292369754198012229e-03,4.518759827885699965e-01,1.202009671798356161e+00,2.767376810732920855e+00,4.000000000000000222e-01
-1.751350878153359547e+00,1.967161558288502698e+00,4.466268463355259399e+00,1.292369754198012229e-03,4.634069903030482163e-01,1.198816374970300913e+00,2.767376810732924408e+00,4.000000000000000222e-01
-1.922478910751953318e+00,2.034348903134198583e+00,4.716170738195550882e+00,1.292369754198012229e-03,4.661982368173107072e-01,1.188499397476499908e+00,2.767376810732923520e+00,4.000000000000000222e-01
-2.093611527339469092e+00,2.101562472793143233e+00,4.841121875615696624e+00,-7.567600535834741226e-04,4.614764644301334595e-01,1.176800387619461707e+00,2.767376810732923520e+00,4.000000000000000222e-01
-2.264742642860780641e+00,2.168767454913696824e+00,5.063102384743239703e+00,-7.567600535834741226e-04,4.526757292370298114e-01,1.169181337509471952e+00,2.767376810732921300e+00,4.000000000000000222e-01
-2.435874192816518402e+00,2.235974922415842503e+00,5.285082893870782783e+00,-7.567600535834741226e-04,4.432523518222991621e-01,1.165602479003868375e+00,2.767376810732921300e+00,4.000000000000000222e-01
-2.607005633140861978e+00,2.303181762721262071e+00,5.507063402998325863e+00,-7.567600535834741226e-04,4.365456810725423242e-01,1.168988399371490461e+00,2.767376810732924408e+00,4.000000000000000222e-01
-2.778137095701787462e+00,2.370388730241253405e+00,5.729043912125868943e+00,-7.567600535834741226e-04,4.356916698396768872e-01,1.173964575155205692e+00,2.767376810732923520e+00,4.000000000000000222e-01
-2.949268555950497195e+00,2.437595684533156781e+00,5.840034166689640927e+00,-2.318515699519332375e-03,4.359364466813432371e-01,1.180345264192903088e+00,2.767376810732923520e+00,4.000000000000000222e-01
-3.120400015334146016e+00,2.504802633876082485e+00,6.021848699637692093e+00,-2.318515699519332375e-03,4.445466002927709881e-01,1.184739666544346370e+00,2.767376810732923520e+00,4.000000000000000222e-01
-3.291531475456856093e+00,2.572009587447147361e+00,6.203663232585742371e+00,-2.318515699519332375e-03,4.575247695703272277e-01,1.187857960297841853e+00,2.767376810732921300e+00,4.000000000000000222e-01
-3.462662935236760386e+00,2.639216539057035682e+00,6.385477765533793537e+00,-2.318515699519332375e-03,4.712227600779566039e-01,1.191777116196568231e+00,2.767376810732923076e+00,4.000000000000000222e-01
-3.633794395143525424e+00,2.706423491392685676e+00,6.567292298481843815e+00,-2.318515699519332375e-03,4.629044254200458397e-01,1.196972302009683409e+00,2.767376810732922632e+00,4.000000000000000222e-01
-3.804925855009583024e+00,2.773630443495453513e+00,6.749106831429894982e+00,-2.318515699519332375e-03,4.514704258592894259e-01,1.203145721139005531e+00,2.767376810732924408e+00,4.000000000000000222e-01
-3.976057314887191385e+00,2.840837395664299603e+00,6.840014097903920565e+00,-9.318989456759057622e-04,4.416910320445706639e-01,1.208122016851169489e+00,2.767376810732924408e+00,4.000000000000000222e-01
-4.147188774761961128e+00,2.908044347816905351e+00,6.971443119423518908e+00,-9.318989456759057622e-04,4.343154101087243202e-01,1.206364144093598600e+00,2.767376810732920855e+00,4.000000000000000222e-01
-4.318320234637274879e+00,2.975251299972631713e+00,7.102872140943116364e+00,-9.318989456759057622e-04,4.295378165006845661e-01,1.196093990884666614e+00,2.767376810732924408e+00,4.000000000000000222e-01
-4.489451694512548663e+00,3.042458252128121377e+00,7.234301162462714707e+00,-9.318989456759057622e-04,4.256744657272253929e-01,1.184846195975035821e+00,2.767376810732922632e+00,4.000000000000000222e-01
-4.660583154387790472e+00,3.109665204283437401e+00,7.365730183982313051e+00,-9.318989456759057622e-04,4.205279694183158279e-01,1.175680170948292691e+00,2.767376810732922188e+00,4.000000000000000222e-01
-4.831714614263056262e+00,3.176872156438878658e+00,7.497159205501910506e+00,-9.318989456759057622e-04,4.169058904363565632e-01,1.172905936933753335e+00,2.767376810732924408e+00,4.000000000000000222e-01
-5.002846074138311394e+00,3.244079108594263960e+00,7.628588227021508850e+00,-9.318989456759057622e-04,4.143995392065918382e-01,1.174633972912206392e+00,2.767376810732922632e+00,4.000000000000000222e-01
-5.173977534013570079e+00,3.311286060749670135e+00,7.694302737781307577e+00,-4.800576996089090824e-05,4.125907209232905215e-01,1.180141330630229968e+00,2.767376810732924408e+00,4.000000000000000222e-01
-5.345108993888827875e+00,3.378493012905070092e+00,7.759201375664631861e+00,-4.800576996089090824e-05,4.110677355123272814e-01,1.187243519118344137e+00,2.767376810732918635e+00,4.000000000000000222e-01
-5.516240453764084783e+00,3.445699965060470937e+00,7.824100013547956145e+00,-4.800576996089090824e-05,4.086345386438000604e-01,1.192855046293734622e+00,2.767376810732924408e+00,4.000000000000000222e-01
-5.687371913639342580e+00,3.512906917215872227e+00,7.888998651431280429e+00,-4.800576996089090824e-05,4.036907747881953168e-01,1.196953773726772363e+00,2.767376810732922632e+00,4.000000000000000222e-01
-5.858503373514601265e+00,3.580113869371273072e+00,7.953897289314605601e+00,-4.800576996089090824e-05,3.990099423771272802e-01,1.200293929336732957e+00,2.767376810732924408e+00,4.000000000000000222e-01
-6.029634833389858173e+00,3.647320821526673473e+00,8.018795927197929885e+00,-4.800576996089090824e-05,3.947279880857957335e-01,1.202322561066081708e+00,2.767376810732924408e+00,4.000000000000000222e-01
-6.200766293265115969e+00,3.714527773682074319e+00,8.083694565081254169e+00,-4.800576996089090824e-05,3.909819769165070458e-01,1.204754808507241037e+00,2.767376810732918635e+00,4.000000000000000222e-01
-6.371897753140374654e+00,3.781734725837475164e+00,8.148593202964578452e+00,-4.800576996089090824e-05,3.879079367053120397e-01,1.208356018712777313e+00,2.767376810732928405e+00,4.000000000000000222e-01
-6.543029213015632450e+00,3.848941677992876453e+00,8.152200551794278383e+00,1.134222639914886214e-04,3.856356734938500286e-01,1.213892248171049904e+00,2.767376810732918635e+00,4.000000000000000222e-01
-6.714160672890890247e+00,3.916148630148278187e+00,8.159415249453680019e+00,1.134222639914886214e-04,3.799318470330667052e-01,1.220594395638169072e+00,2.767376810732924408e+00,4.000000000000000222e-01
-6.885292132766148043e+00,3.983355582303679032e+00,8.166629947113079879e+00,1.134222639914886214e-04,3.749935659376550379e-01,1.226782403090813656e+00,2.767376810732922632e+00,4.000000000000000222e-01
-7.056423592641405840e+00,4.050562534459079878e+00,8.173844644772479739e+00,1.134222639914886214e-04,3.708308982759719319e-01,1.229214656158854169e+00,2.767376810732920411e+00,4.000000000000000222e-01
-7.227555052516663636e+00,4.117769486614480279e+00,8.181059342431881376e+00,1.134222639914886214e-04,3.674311471784946215e-01,1.222593120998689997e+00,2.767376810732926629e+00,4.000000000000000222e-01
-7.398686512391921433e+00,4.184976438769880680e+00,8.188274040091281236e+00,1.134222639914886214e-04,3.647776449907655927e-01,1.210979043696873259e+00,2.767376810732918635e+00,4.000000000000000222e-01
-7.569817972267179229e+00,4.252183390925281969e+00,8.195488737750682873e+00,1.134222639914886214e-04,3.628498733450697400e-01,1.200707219229725675e+00,2.767376810732925740e+00,4.000000000000000222e-01
-7.740949432142436137e+00,4.319390343080684147e+00,8.202703435410082733e+00,1.134222639914886214e-04,3.578143810896601829e-01,1.193810683891110447e+00,2.767376810732922632e+00,4.000000000000000222e-01
-7.912080892017693046e+00,4.386597295236083660e+00,8.176337139546085098e+00,-5.853164108069272174e-04,3.527580813656405745e-01,1.194010705979257958e+00,2.767376810732922632e+00,4.000000000000000222e-01
-8.083212351892951730e+00,4.453804247391485838e+00,8.123604547818088051e+00,-5.853164108069272174e-04,3.483792171551010064e-01,1.197536706023827113e+00,2.767376810732922632e+00,4.000000000000000222e-01
-8.254343811768208639e+00,4.521011199546886239e+00,8.070871956090092780e+00,-5.853164108069272174e-04,3.447332940170157456e-01,1.203733262232759005e+00,2.767376810732921744e+00,4.000000000000000222e-01
-8.425475271643465547e+00,4.588218151702286640e+00,8.018139364362095733e+00,-5.853164108069272174e-04,3.418728124978532845e-01,1.209596520021350985e+00,2.767376810732926629e+00,4.000000000000000222e-01
-8.596606731518724231e+00,4.655425103857687930e+00,7.965406772634099575e+00,-5.853164108069272174e-04,3.398459367018903943e-01,1.213296854470844233e+00,2.767376810732918635e+00,4.000000000000000222e-01
-8.767738191393981140e+00,4.722632056013089219e+00,7.912674180906103416e+00,-5.853164108069272174e-04,3.354519910632870472e-01,1.216598044503105713e+00,2.767376810732925740e+00,4.000000000000000222e-01
-8.938869651269239824e+00,4.789839008168489620e+00,7.859941589178107257e+00,-5.853164108069272174e-04,3.302894772768907861e-01,1.221158833600103577e+00,2.767376810732922632e+00,4.000000000000000222e-01
-9.110001111144496733e+00,4.857045960323891798e+00,7.833575293314108734e+00,-1.819553176001881267e-03,3.259894662755309924e-01,1.226335596028911290e+00,2.767376810732918635e+00,4.000000000000000222e-01
-9.281132571019755417e+00,4.924252912479289535e+00,7.714433998600866538e+00,-1.819553176001881267e-03,3.225257769213257242e-01,1.232621180990427057e+00,2.767376810732926629e+00,4.000000000000000222e-01
-9.452264030894998115e+00,4.991459864634702370e+00,7.595292703887625230e+00,-1.819553176001881267e-03,3.198471029043116753e-01,1.235931331106547404e+00,2.767376810732921744e+00,4.000000000000000222e-01
-9.623395490770311866e+00,5.058666816790061915e+00,7.476151409174383033e+00,-1.819553176001881267e-03,3.178963727527622796e-01,1.230216518588364449e+00,2.767376810732926629e+00,4.000000000000000222e-01
-9.794526950645403574e+00,5.125873768945589326e+00,7.357010114461141725e+00,-1.819553176001881267e-03,3.141635769428882119e-01,1.218821994990022084e+00,2.767376810732918635e+00,4.000000000000000222e-01
-9.965658410521101018e+00,5.193080721100656660e+00,7.237868819747899529e+00,-1.819553176001881267e-03,3.084239291399254457e-01,1.208509769437092096e+00,2.767376810732921744e+00,4.000000000000000222e-01
-1.013678987039545554e+01,5.260287673256744512e+00,7.118727525034657333e+00,-1.819553176001881267e-03,3.031823148364254927e-01,1.200823416284729994e+00,2.767376810732926629e+00,4.000000000000000222e-01
-1.030792133027154556e+01,5.327494625411511642e+00,7.059156877678036679e+00,7.721388623943396552e-04,2.984523804894029797e-01,1.200608915095941143e+00,2.767376810732918635e+00,4.000000000000000222e-01
-1.047905279015091828e+01,5.394701577563783879e+00,6.865899072126160796e+00,7.721388623943396552e-04,2.944876558964023561e-01,1.203580806348085286e+00,2.767376810732929737e+00,4.000000000000000222e-01
-1.065018424999369984e+01,5.461908529743889851e+00,6.672641266574284913e+00,7.721388623943396552e-04,2.916050446598639212e-01,1.210340135766755809e+00,2.767376810732918635e+00,4.000000000000000222e-01
-1.082131571002193127e+01,5.529115481782922004e+00,6.479383461022408142e+00,7.721388623943396552e-04,2.885844009357385054e-01,1.217110300358062336e+00,2.767376810732918635e+00,4.000000000000000222e-01
-1.099244716930508226e+01,5.596322434388744327e+00,6.286125655470532259e+00,7.721388623943396552e-04,2.827036519493328903e-01,1.222073508038835188e+00,2.767376810732926629e+00,4.000000000000000222e-01
-1.116357863118979310e+01,5.663529385015540818e+00,6.092867849918656376e+00,7.721388623943396552e-04,2.785600986505036847e-01,1.225810723832245985e+00,2.767376810732921744e+00,4.000000000000000222e-01
-1.133471008504296229e+01,5.730736341751974550e+00,5.899610044366780492e+00,7.721388623943396552e-04,2.764997493090007863e-01,1.228070545466424246e+00,2.767376810732926629e+00,4.000000000000000222e-01
-1.150584156032551242e+01,5.797943282186971636e+00,5.725243232271968630e+00,1.100222711539729920e-02,2.766394694825702882e-01,1.230301744088689642e+00,2.767376810732918635e+00,4.000000000000000222e-01
-1.167697299051263293e+01,5.865150256926288108e+00,5.376509608082344904e+00,1.100222711539729920e-02,2.781751401354022879e-01,1.233257189054824288e+00,2.767376810732929737e+00,4.000000000000000222e-01
-1.184810446830993236e+01,5.932357195448302534e+00,5.027775983892722067e+00,1.100222711539729920e-02,2.776520812798780047e-01,1.237680632409455361e+00,2.767376810732918635e+00,4.000000000000000222e-01
-1.201923611693058369e+01,5.999564004024134256e+00,4.679042359703098342e+00,1.100222711539729920e-02,2.738615253397050364e-01,1.243843173706124405e+00,2.767376810732918635e+00,0.000000000000000000e+00
-1.219036628364372099e+01,6.066771939894467280e+00,4.330308735513474616e+00,1.100222711539729920e-02,2.688337598314888277e-01,1.250075257637337067e+00,2.767376810732929737e+00,0.000000000000000000e+00
-1.236150359424751777e+01,6.133974441371213615e+00,4.072289588185518561e+00,3.257508054196679020e-02,2.614965312163777256e-01,1.255527911703484545e+00,2.767376810732918635e+00,0.000000000000000000e+00
-1.253261292516202730e+01,6.201198227138467800e+00,3.556251293529607338e+00,3.257508054196679020e-02,2.508482686179037136e-01,1.254989498286888772e+00,2.767376810732926629e+00,0.000000000000000000e+00
-1.270381805242039874e+01,6.268349140144641396e+00,3.040212998873696115e+00,3.257508054196679020e-02,2.365560488968455055e-01,1.245891184238689275e+00,2.768327900102055317e+00,0.000000000000000000e+00
-1.287473345607609332e+01,6.335720447354038498e+00,2.782193851545740504e+00,8.126122064522919852e-02,2.223006926500976366e-01,1.234015536739185404e+00,2.907699211542562612e+00,0.000000000000000000e+00
-1.304640003120610992e+01,6.402520334641010891e+00,2.641096925772870030e+00,8.126122064522919852e-02,2.102208274662843712e-01,1.225725777487435941e+00,2.845566280490327671e+00,0.000000000000000000e+00
-1.321657458886492265e+01,6.470455207130159536e+00,2.500000000000000000e+00,8.126122064522919852e-02,1.967153611516969380e-01,1.219231639483473018e+00,2.934099289632992491e+00,0.000000000000000000e+00
-1.338790316546424641e+01,6.537512211601144152e+00,2.500000000000000000e+00,2.021456779134616355e-01,1.912617683945900815e-01,1.220913295373243557e+00,2.878383130861444261e+00,0.000000000000000000e+00
-1.356731786802424899e+01,6.598418059342736619e+00,2.500000000000000000e+00,6.177601987556503582e-01,1.902845463348668553e-01,1.234067250674893312e+00,3.046677466375832921e+00,0.000000000000000000e+00
-1.361559729283169595e+01,6.759077654453746753e+00,2.500000000000000000e+00,1.682350876333792211e+00,3.315767319887922282e-01,1.106273575170433343e+00,-2.985602638643276130e+00,0.000000000000000000e+00
-1.360073081265638706e+01,6.967760051111371311e+00,2.500000000000000000e+00,1.285148993092397163e+00,5.339599106229465653e-01,9.097101259967920184e-01,-2.787634163543667221e+00,0.000000000000000000e+00
-1.368733155030009208e+01,7.099231840421066586e+00,2.500000000000000000e+00,9.322557575405754360e-01,6.411360831381539560e-01,8.244070544072618079e-01,-2.723895747985305871e+00,0.000000000000000000e+00
-1.387438148297730756e+01,7.154383733298181447e+00,2.500000000000000000e+00,6.346128371325050477e-01,6.610470930748303386e-01,8.488101848420552820e-01,-2.651498072250142002e+00,0.000000000000000000e+00
-1.404196502849930361e+01,7.224185783040295128e+00,2.500000000000000000e+00,4.435434838786873057e-01,7.114366162130238980e-01,8.489196098874334240e-01,-2.575704803093151085e+00,0.000000000000000000e+00
-1.421360100665805959e+01,7.291102105991277504e+00,2.500000000000000000e+00,3.554497432552821690e-01,7.668569647835231651e-01,8.481356236987332986e-01,-2.507121679754530597e+00,0.000000000000000000e+00
-1.438654570268491462e+01,7.353050726654713820e+00,2.500000000000000000e+00,3.346380063191714549e-01,8.299923357850415018e-01,8.460133804864020668e-01,-2.437016834156480627e+00,0.000000000000000000e+00
-1.456297825498334397e+01,7.404912457267114334e+00,2.500000000000000000e+00,3.426550775337441346e-01,8.955583776652844552e-01,8.508622192490095104e-01,-2.038313824104921235e+00,0.000000000000000000e+00
-1.473794808340873175e+01,7.461934546431278292e+00,2.500000000000000000e+00,3.467701741598337994e-01,9.781830061704824830e-01,8.504314090724787167e-01,-2.243607218375988310e+00,0.000000000000000000e+00
-1.491649990914434376e+01,7.504641440733536228e+00,2.500000000000000000e+00,3.410017885528938142e-01,1.059373787630880193e+00,8.668898559164439632e-01,-2.188280104069757481e+00,0.000000000000000000e+00
-1.509698683210438119e+01,7.539529791527734837e+00,2.500000000000000000e+00,3.435174927288903723e-01,1.145966934866466280e+00,8.834668235639395739e-01,-2.135861282041974896e+00,0.000000000000000000e+00
-1.528075154048443451e+01,7.551912076601403179e+00,2.500000000000000000e+00,3.659856816544455604e-01,1.224244587220608027e+00,8.672816371565037485e-01,-2.071410995628800489e+00,0.000000000000000000e+00
-1.545920830497940379e+01,7.509178852536061655e+00,2.500000000000000000e+00,4.201791035535090701e-01,1.261662442989396116e+00,8.868085467910101771e-01,-1.987831767640116265e+00,0.000000000000000000e+00
-1.562557175386746877e+01,7.430486200020196996e+00,2.500000000000000000e+00,5.117405479119900846e-01,1.277367512498883695e+00,9.514510432887522962e-01,-1.873150370871399018e+00,0.000000000000000000e+00
-1.578192386477848785e+01,7.333757001226110184e+00,2.500000000000000000e+00,5.890801168637012086e-01,1.288433431961843345e+00,1.043755312911081923e+00,-1.749811577546626973e+00,0.000000000000000000e+00
-1.593085411708813481e+01,7.225981141479901559e+00,2.500000000000000000e+00,5.570971808593457864e-01,1.301188520508127056e+00,1.154563667634223023e+00,-1.703689984761150189e+00,0.000000000000000000e+00
-1.607291781851357371e+01,7.109270743501385326e+00,2.500000000000000000e+00,3.936106610206782097e-01,1.316534256814826831e+00,1.275832028662601925e+00,-1.596868422733664472e+00,0.000000000000000000e+00
-1.620759751538965787e+01,6.984104563664569554e+00,2.500000000000000000e+00,2.137241193805065054e-01,1.333327244850263771e+00,1.374986436312789939e+00,-1.537048727012090055e+00,0.000000000000000000e+00
-1.633375398236637110e+01,6.850362125484400266e+00,2.500000000000000000e+00,2.137241193805065054e-01,1.349519226352153378e+00,1.439528875796870278e+00,-1.514806460461608495e+00,0.000000000000000000e+00
-1.645096149153537723e+01,6.708684934391916599e+00,2.500000000000000000e+00,1.046440074331097952e-01,1.364104811605058920e+00,1.438738682632157984e+00,-1.481600157586618671e+00,0.000000000000000000e+00
-1.655909152472830925e+01,6.559976484530833041e+00,2.669079475996215756e+00,1.046440074331097952e-01,1.376496060103071573e+00,1.427867585382734950e+00,-1.474864517886541160e+00,0.000000000000000000e+00
-1.665720821674173990e+01,6.404472195654842714e+00,2.838158951992431511e+00,1.046440074331097952e-01,1.385108882009576270e+00,1.408783575795551579e+00,-1.474864517886541160e+00,0.000000000000000000e+00
-1.674432421998359999e+01,6.242551843975742365e+00,2.922698689990539389e+00,4.832148020049276127e-02,1.388468748062670510e+00,1.391330434140574335e+00,-1.482058255596183871e+00,0.000000000000000000e+00
-1.681903400695100004e+01,6.074549895755466444e+00,3.170362300611701212e+00,4.832148020049276127e-02,1.382605708472538053e+00,1.384198807097659412e+00,-1.431655882899958598e+00,0.000000000000000000e+00
-1.687826386404034906e+01,5.900481385245150534e+00,3.418025911232862590e+00,4.832148020049276127e-02,1.364003932657293694e+00,1.336858480563668294e+00,-1.431655882899976362e+00,0.000000000000000000e+00
-1.691907187214022201e+01,5.721254528714267096e+00,3.665689521854024413e+00,4.832148020049276127e-02,1.330466177157382690e+00,1.272909225574586189e+00,-1.494143614609516613e+00,0.000000000000000000e+00
-1.694326182735711228e+01,5.538909254991779108e+00,3.742134275539053423e+00,2.214619983718173896e-02,1.284543534551018329e+00,1.219078936212582231e+00,-1.412186040174621793e+00,0.000000000000000000e+00
-1.694889553669421645e+01,5.355210765918341664e+00,3.895023782909110999e+00,2.214619983718173896e-02,1.225640857108928339e+00,1.180457138856403576e+00,-1.412186040174621793e+00,0.000000000000000000e+00
-1.695202463164112316e+01,5.171351181685594156e+00,4.047913290279168130e+00,2.214619983718173896e-02,1.167926266303807026e+00,1.144316822955334212e+00,-1.412186040174621793e+00,0.000000000000000000e+00
-1.694243589395266625e+01,4.987781440769561314e+00,4.200802797649226150e+00,2.214619983718173896e-02,1.104630664255209505e+00,1.121537339973504688e+00,-1.463365515226360714e+00,0.000000000000000000e+00
-1.693158127330901763e+01,4.804255220860023101e+00,4.221908976854048312e+00,1.299890649603081122e-02,1.042423302149832587e+00,1.099562555019156562e+00,-1.408788466585549903e+00,0.000000000000000000e+00
-1.691245470798791928e+01,4.621356495598858416e+00,4.264121335263692636e+00,1.299890649603081122e-02,9.795215807738184566e-01,1.085002570013866796e+00,-1.408788466585549903e+00,0.000000000000000000e+00
-1.689576753179245472e+01,4.438270586466421364e+00,4.306333693673337848e+00,1.299890649603081122e-02,9.235802779475364988e-01,1.067970053143072473e+00,-1.408788466585549903e+00,0.000000000000000000e+00
-1.688275702656943267e+01,4.254943739532924596e+00,4.348546052082982172e+00,1.299890649603081122e-02,8.778415995966781793e-01,1.048108305177100297e+00,-1.408788466585549903e+00,0.000000000000000000e+00
-1.685584939536225946e+01,4.073002688444449682e+00,4.369652231287804334e+00,8.982362770044835867e-03,8.274757124105169837e-01,1.043839054886405160e+00,-1.446903117321863386e+00,0.000000000000000000e+00
-1.683048800849535098e+01,3.890912347404620775e+00,4.308476494164189319e+00,8.982362770044835867e-03,7.837107976054723535e-01,1.038921886018311813e+00,-1.400346817691262347e+00,0.000000000000000000e+00
-1.680454316633544209e+01,3.708885940946617055e+00,4.247300757040575192e+00,8.982362770044835867e-03,7.509815212715679200e-01,1.034356457756618886e+00,-1.400346817691262347e+00,0.000000000000000000e+00
-1.678848179480702640e+01,3.525727610231671250e+00,4.186125019916961065e+00,8.982362770044835867e-03,7.368000483782429777e-01,1.020237424291962958e+00,-1.400346817691262347e+00,0.000000000000000000e+00
-1.676054696894410512e+01,3.344046324419055249e+00,4.124949282793346050e+00,8.982362770044835867e-03,7.219198583696494476e-01,1.017901880256522729e+00,-1.453291395039379097e+00,0.000000000000000000e+00
-1.673118160119797793e+01,3.162533996860160901e+00,4.029704375359211888e+00,5.811651443810499779e-03,7.184078925465209320e-01,1.017089307846913648e+00,-1.395296925837545388e+00,0.000000000000000000e+00
-1.670094637997211251e+01,2.981152152522470455e+00,3.839214560490944006e+00,5.811651443810499779e-03,7.211029249832754395e-01,1.017684229001000196e+00,-1.395296925837528290e+00,0.000000000000000000e+00
-1.667875457488907287e+01,2.798677909017909471e+00,3.648724745622676124e+00,5.811651443810499779e-03,7.424136494831402588e-01,1.010196511219622284e+00,-1.395296925837545610e+00,0.000000000000000000e+00
-1.665130215330647090e+01,2.616930193484174882e+00,3.458234930754408243e+00,5.811651443810499779e-03,7.629912386311576977e-01,1.007379567411399002e+00,-1.477472324120773894e+00,0.000000000000000000e+00
-1.662110912291329612e+01,2.435553708361050784e+00,3.271188134732336827e+00,1.103229766983539716e-02,7.850490387610888909e-01,1.006846503112571511e+00,-1.370626170627471163e+00,0.000000000000000000e+00
-1.659038170212179608e+01,2.254259450443913515e+00,2.897094542688194441e+00,1.103229766983539716e-02,8.091663056916090779e-01,1.005450457386893648e+00,-1.370626170627454066e+00,0.000000000000000000e+00
-1.656595702444244012e+01,2.072071751554132479e+00,2.523000950644052054e+00,1.103229766983539716e-02,8.390668058774164439e-01,9.965319961314124120e-01,-1.380837992357652588e+00,0.000000000000000000e+00
-1.653790350483401994e+01,1.890428240258093195e+00,2.517250712983039040e+00,4.583168415498755505e-02,8.629175801499692211e-01,9.916363994836399076e-01,-1.370068116316355722e+00,0.000000000000000000e+00
-1.650550033645081527e+01,1.709413275212166461e+00,2.505750237661013013e+00,4.583168415498755505e-02,8.830169680122165188e-01,9.929288262636195572e-01,-1.370068116316355722e+00,0.000000000000000000e+00
-1.647506390327515291e+01,1.528112937339810795e+00,2.500000000000000000e+00,1.586540540040992653e-01,9.079030835669582578e-01,9.922138747252796653e-01,-1.340981534957942589e+00,0.000000000000000000e+00
-1.644252401954824450e+01,1.347121015778385944e+00,2.500000000000000000e+00,1.586540540040992653e-01,9.340044887579196375e-01,9.945730229313431980e-01,-1.335752483926755607e+00,0.000000000000000000e+00
-1.641521661519058384e+01,1.165359102003481917e+00,2.500000000000000000e+00,4.862488161337332748e-01,9.685033957917460468e-01,9.921631919899951413e-01,-1.098686553943459154e+00,0.000000000000000000e+00
-1.638894654963472775e+01,9.834584401047563595e-01,2.500000000000000000e+00,1.694911639564119721e+00,1.011292371380816624e+00,9.885881028213712174e-01,-8.461131356358171374e-01,0.000000000000000000e+00
-1.635570441945624864e+01,8.025988978615220537e-01,2.500000000000000000e+00,8.056327202546968991e-01,1.050630995849916482e+00,9.919549876718032344e-01,-6.277055572592038502e-01,0.000000000000000000e+00
-1.632276242321411175e+01,6.216881034495916891e-01,2.500000000000000000e+00,4.721061134087564670e-01,1.088939622676042829e+00,9.950354163642854965e-01,-5.245696428571767767e-01,0.000000000000000000e+00
-1.629387968957933808e+01,4.401908016610486807e-01,2.500000000000000000e+00,3.438730327974127143e-01,1.124268876651531412e+00,9.929685920692759016e-01,-4.840197198117493493e-01,0.000000000000000000e+00
-1.627300923489054085e+01,2.575930273609221000e-01,2.500000000000000000e+00,3.872589136571977786e-01,1.156979381703046705e+00,9.827994424491613978e-01,-4.048142358024765519e-01,0.000000000000000000e+00
-1.623484217631492754e+01,7.765777416388626453e-02,2.500000000000000000e+00,3.950410015484220327e-01,1.162162317250233112e+00,9.908635194000265933e-01,-3.245698889288449185e-01,0.000000000000000000e+00
-1.619838485151956320e+01,-1.025397423808819958e-01,2.500000000000000000e+00,3.542387956385002479e-01,1.167388242877545945e+00,9.982522877850599219e-01,-2.601265167187816196e-01,0.000000000000000000e+00
-1.616202721345915450e+01,-2.827599872298189876e-01,2.500000000000000000e+00,3.638213538064846153e-01,1.175968213630481651e+00,1.005899520890260357e+00,-1.865653872094669985e-01,0.000000000000000000e+00
-1.612947617639023790e+01,-4.637407136488502224e-01,2.500000000000000000e+00,3.854711073816107780e-01,1.194315712609912428e+00,1.008424361259671054e+00,-9.405377239935194811e-02,0.000000000000000000e+00
-1.609051089303221360e+01,-6.426683992707543647e-01,2.500000000000000000e+00,3.854711073816107780e-01,1.215359690660497094e+00,1.014942091584202455e+00,-9.381771426211578391e-02,0.000000000000000000e+00
-1.602996582254101554e+01,-8.168278037171995409e-01,2.500000000000000000e+00,3.901218851745237859e-01,1.229018748971130393e+00,1.042013424715050096e+00,-1.194608449929042415e-02,0.000000000000000000e+00
-1.595197354186197636e+01,-9.828762016626297893e-01,2.500000000000000000e+00,4.807167877222580099e-01,1.244291781015473886e+00,1.089292161080875898e+00,6.464903107111415193e-02,0.000000000000000000e+00
-1.583098505562867508e+01,-1.121645403143386677e+00,2.500000000000000000e+00,7.714431864834362385e-01,1.228429439892218200e+00,1.188667707820528108e+00,1.761182374285993613e-01,0.000000000000000000e+00
-1.568639248591253121e+01,-1.235356006368853787e+00,2.500000000000000000e+00,1.640290413602739417e+00,1.205604255503451405e+00,1.254194836831899584e+00,3.059310636472661882e-01,0.000000000000000000e+00
-1.553450855274466136e+01,-1.338967847886975537e+00,2.500000000000000000e+00,-6.906592881725476252e-01,1.189307756430828533e+00,1.201351820968022288e+00,6.345322373740445165e-01,0.000000000000000000e+00
-1.537801859260949477e+01,-1.435324030421819552e+00,1.800000000000000044e+00,1.288050360987978760e+00,1.192498631440456869e+00,1.155397692639470453e+00,4.976911137335160440e-01,0.000000000000000000e+00
-1.520954321517768904e+01,-1.508866555927573128e+00,1.800000000000000044e+00,1.964117665757769915e+00,1.198239600539401595e+00,1.119871630570554943e+00,7.797654702628873391e-01,0.000000000000000000e+00
-1.503584921003433017e+01,-1.570088685845498322e+00,1.800000000000000044e+00,1.985247443351729091e+00,1.218728703946345915e+00,1.088162147200630869e+00,1.123840808299723104e+00,0.000000000000000000e+00
-1.485686408128272973e+01,-1.609540029680160078e+00,1.800000000000000044e+00,1.327749656816504586e+00,1.238174308581520666e+00,1.079030461514758343e+00,1.406000097434061846e+00,0.000000000000000000e+00
-1.467387635125191458e+01,-1.627934015177304294e+00,1.800000000000000044e+00,7.971666712504152930e-01,1.261923917525465955e+00,1.099679702058648401e+00,1.599537886862548053e+00,0.000000000000000000e+00
-1.449208556801563041e+01,-1.655311596922554029e+00,1.800000000000000044e+00,6.147320942963201418e-01,1.319733489691824024e+00,1.111178013877923476e+00,1.705343106912580398e+00,0.000000000000000000e+00
-1.430838306420050898e+01,-1.663253216394677381e+00,1.800000000000000044e+00,4.752446325763085566e-01,1.381981037509238952e+00,1.124280075042753513e+00,1.756318788106593365e+00,0.000000000000000000e+00
-1.412458693386739839e+01,-1.655081254312773975e+00,1.800000000000000044e+00,3.679129072723219540e-01,1.450586604125922108e+00,1.126670367814853524e+00,1.796300505733899655e+00,0.000000000000000000e+00
-1.394265321887930575e+01,-1.628363017143019897e+00,1.800000000000000044e+00,2.838103419747735612e-01,1.516583008483225026e+00,1.138907334637698998e+00,1.827270386683569559e+00,0.000000000000000000e+00
-1.377651661344619249e+01,-1.557371258846633522e+00,1.800000000000000044e+00,2.160247069889767169e-01,1.554953848377699233e+00,1.193467384369266249e+00,1.850660879838306849e+00,0.000000000000000000e+00
-1.362640163798759119e+01,-1.455765112824798146e+00,1.800000000000000044e+00,1.592512880349362114e-01,1.579801505652233429e+00,1.282526225239037920e+00,1.867469022750116725e+00,0.000000000000000000e+00
-1.345838973599083843e+01,-1.379434368405505706e+00,1.800000000000000044e+00,1.092851995656585057e-01,1.650432465435595741e+00,1.337256754059990893e+00,1.878339605088324982e+00,0.000000000000000000e+00
-1.333101910799110534e+01,-1.246217533541362332e+00,1.800000000000000044e+00,6.254389491684499147e-02,1.667254189021613930e+00,1.179271440149900263e+00,1.883617400536769848e+00,0.000000000000000000e+00
-1.325848839202597418e+01,-1.078009058423846200e+00,1.800000000000000044e+00,1.886478405702616407e-02,1.634945455676305448e+00,1.065406448898176928e+00,1.883373674620961280e+00,0.000000000000000000e+00
-1.323676382808687890e+01,-8.952479439161181718e-01,1.800000000000000044e+00,-1.204220259247157192e-02,1.563527900972467410e+00,1.001045458639172159e+00,1.879535239176217898e+00,0.000000000000000000e+00
-1.324688762125849983e+01,-7.117481948064983133e-01,1.800000000000000044e+00,-2.154060273823100655e-02,1.473073889292168648e+00,9.670227902411472343e-01,1.877217800149955318e+00,0.000000000000000000e+00
-1.327659863417325958e+01,-5.303447117619892737e-01,1.800000000000000044e+00,-1.791777196047112872e-02,1.378074723799054491e+00,9.513004681384626959e-01,1.875828187931653845e+00,0.000000000000000000e+00
-1.331870254549080101e+01,-3.513903387840330850e-01,1.800000000000000044e+00,-1.177083849648440615e-02,1.276439023169353204e+00,9.450508893097433472e-01,1.879684572285225785e+00,0.000000000000000000e+00
-1.336873958096066595e+01,-1.744807503168177842e-01,1.800000000000000044e+00,2.828689181855527281e-03,1.179955542745823260e+00,9.486974699507600972e-01,1.880525086313819871e+00,0.000000000000000000e+00
-1.342361066202066411e+01,9.935801418188483156e-04,1.800000000000000044e+00,1.977831107778623559e-02,1.091545280797955320e+00,9.625836269817216184e-01,1.882732830076863983e+00,0.000000000000000000e+00
-1.348081045018328439e+01,1.757244741861982706e-01,1.800000000000000044e+00,3.774313296013535185e-02,1.009488018415117594e+00,9.861842407505627683e-01,1.888313142822092283e+00,0.000000000000000000e+00
-1.353804968840804790e+01,3.504424452980108295e-01,1.800000000000000044e+00,5.502943260964928557e-02,9.446732852917619772e-01,1.016168919089429634e+00,1.897250504757637124e+00,0.000000000000000000e+00
-1.359456589079284150e+01,5.253957190042756187e-01,1.800000000000000044e+00,6.990428835960463272e-02,8.982838411861805428e-01,1.046522657853149685e+00,1.909305941313170107e+00,0.000000000000000000e+00
-1.365065805461606097e+01,7.004854519160021997e-01,1.800000000000000044e+00,7.463668130388789734e-02,8.703223623674770648e-01,1.063412300906164232e+00,1.924017206524552437e+00,0.000000000000000000e+00
-1.370673098964673287e+01,8.755813886680213765e-01,1.800000000000000044e+00,5.198228751589559736e-03,8.601853110980656192e-01,1.059348974150552181e+00,1.934317791826098754e+00,0.000000000000000000e+00
-1.376326893115770567e+01,1.050527705477662721e+00,1.800000000000000044e+00,-1.043973758292092296e-01,8.664470757181749194e-01,1.052940245972258104e+00,1.924269666740422213e+00,0.000000000000000000e+00
-1.382080386532985727e+01,1.225148844227836875e+00,1.800000000000000044e+00,-2.137894727246776871e-01,8.868830488153586211e-01,1.050400672241149636e+00,1.891906503582406751e+00,0.000000000000000000e+00
-1.387988273923190796e+01,1.399253269341802497e+00,1.800000000000000044e+00,-3.290311905983746010e-01,9.187092250921398140e-01,1.052924869878467007e+00,1.836728442287154595e+00,0.000000000000000000e+00
-1.394095606062126436e+01,1.572669435949075156e+00,1.800000000000000044e+00,-4.521958601445223991e-01,9.589940404117396344e-01,1.057892563694028176e+00,1.757597512604352152e+00,0.000000000000000000e+00
-1.400451424528128008e+01,1.745187617339368114e+00,1.800000000000000044e+00,-5.152149556208863723e-01,9.979485053250618520e-01,1.045401670476432399e+00,1.682710151906784191e+00,0.000000000000000000e+00
-1.406981179002404936e+01,1.917058373884062306e+00,1.800000000000000044e+00,-5.769162192459322824e-01,1.028617410228529705e+00,1.027234125768945683e+00,1.624542304519745350e+00,0.000000000000000000e+00
-1.413413988808544630e+01,2.089292907939614086e+00,1.800000000000000044e+00,-6.345142473504266079e-01,1.038159043504106593e+00,1.018185725521907559e+00,1.560454634390080919e+00,0.000000000000000000e+00
-1.419423326249802386e+01,2.263052670596291005e+00,1.800000000000000044e+00,-6.844567392622288304e-01,1.037055282457314487e+00,1.013879940507978361e+00,1.490948038291121547e+00,0.000000000000000000e+00
-1.424686428809895844e+01,2.439217487942892060e+00,1.800000000000000044e+00,-7.187652768695548255e-01,1.033616069380775881e+00,1.013292669720183614e+00,1.416800701428440279e+00,0.000000000000000000e+00
-1.428848767277277965e+01,2.618307458612077365e+00,1.800000000000000044e+00,-7.194766912853721719e-01,1.037960642536870148e+00,1.015181894109306704e+00,1.340471895549335990e+00,0.000000000000000000e+00
-1.431523977002830250e+01,2.800227666216471345e+00,1.800000000000000044e+00,-6.881796388407057652e-01,1.056588141598419961e+00,1.017894224618560051e+00,1.267374771991835791e+00,0.000000000000000000e+00
-1.432305228852915313e+01,2.983848947801685636e+00,1.800000000000000044e+00,-6.537297790543722398e-01,1.094207452306916739e+00,1.017570225930603645e+00,1.197385895669399680e+00,0.000000000000000000e+00
-1.430829004757127088e+01,3.167019752184137005e+00,1.800000000000000044e+00,-6.297882688985446675e-01,1.154292643904542226e+00,1.012235674999150570e+00,1.095063763271856283e+00,0.000000000000000000e+00
-1.426924725100964508e+01,3.346586626535010822e+00,1.800000000000000044e+00,-6.701222586355072286e-01,1.234052906778186021e+00,1.005328956108237026e+00,9.563435305988400303e-01,0.000000000000000000e+00
-1.420870034277301386e+01,3.520123200423319165e+00,1.800000000000000044e+00,-7.810741248202173193e-01,1.326679972785271167e+00,9.992671167583787595e-01,8.047955681498580871e-01,0.000000000000000000e+00
-1.412797111186922194e+01,3.685250413707433115e+00,1.800000000000000044e+00,-9.752734690907219894e-01,1.422208909302063118e+00,9.912258991800814156e-01,6.280643910520055107e-01,0.000000000000000000e+00
-1.402832171993043531e+01,3.839830782972779577e+00,1.800000000000000044e+00,-1.218949826666656966e+00,1.394211386393054308e+00,9.915914661497728932e-01,4.136051648334115316e-01,0.000000000000000000e+00
-1.391009120471704819e+01,3.980673064296840646e+00,1.800000000000000044e+00,-1.152792618876433028e+00,1.233738728425781472e+00,9.852887664871320395e-01,1.809367615174185817e-01,0.000000000000000000e+00
-1.377280881022521619e+01,4.102995492931388988e+00,1.800000000000000044e+00,-8.335376091541691901e-01,1.080885606117308662e+00,9.797575268526700354e-01,-6.148877535819543411e-02,0.000000000000000000e+00
-1.361617473742668771e+01,4.199591111063162963e+00,1.800000000000000044e+00,-5.319466713107643407e-01,9.426394591092356334e-01,9.647821543385056708e-01,-1.891304850315394526e-01,0.000000000000000000e+00
-1.344245603044644533e+01,4.258891045808185005e+00,1.800000000000000044e+00,-4.053588014551208762e-01,8.299166630680046008e-01,9.256964225920402134e-01,-1.891304850315480013e-01,0.000000000000000000e+00
-1.325949884504879428e+01,4.282693909639218255e+00,1.800000000000000044e+00,-2.940344827463509114e-01,7.466699071882483274e-01,8.715305296309477923e-01,-1.891304850315456421e-01,0.000000000000000000e+00
-1.307847834689909483e+01,4.253108754345551468e+00,1.800000000000000044e+00,-1.948526472863650050e-01,7.147531114510016215e-01,7.865089782316698752e-01,-1.891304850315418118e-01,0.000000000000000000e+00
-1.289787424666566018e+01,4.218840350775201919e+00,1.800000000000000044e+00,-1.041180541531008391e-01,6.886918561928727645e-01,7.138295113452771679e-01,-1.891304850315456421e-01,0.000000000000000000e+00
-1.271731531697080086e+01,4.184080903721952183e+00,1.800000000000000044e+00,-1.802041452721515197e-02,6.675014150168366855e-01,6.585288315429821404e-01,-1.891304850315418118e-01,0.000000000000000000e+00
-1.253673564325707268e+01,4.149546962398990679e+00,1.800000000000000044e+00,6.722765857008741741e-02,6.496773971400015002e-01,6.217738409243448450e-01,-1.891304850315480013e-01,0.000000000000000000e+00
-1.235615890305368048e+01,4.114981131241253642e+00,1.800000000000000044e+00,1.553989886880847715e-01,6.322054874237486022e-01,6.022824640865094281e-01,-1.891304850315456421e-01,0.000000000000000000e+00
-1.217558223936209494e+01,4.080414468305063380e+00,1.800000000000000044e+00,2.499090488349081929e-01,6.157257236579987136e-01,5.951314170370972656e-01,-1.891304850315394526e-01,0.000000000000000000e+00
-1.199500546784046939e+01,4.045848977673216496e+00,1.800000000000000044e+00,3.374274174431463047e-01,6.006713221192228058e-01,5.748742004229794311e-01,-1.891304850315480013e-01,0.000000000000000000e+00
-1.181442871664840411e+01,4.011283266303664163e+00,1.800000000000000044e+00,3.458727960270977508e-01,5.863407039640187168e-01,5.374237116558653327e-01,-1.891304850315449204e-01,0.000000000000000000e+00
-1.163385196113569897e+01,3.976717597275173155e+00,1.800000000000000044e+00,2.051215532236202177e-01,5.722721648164661445e-01,4.976434579456560092e-01,-1.891304850315425334e-01,0.000000000000000000e+00
-1.145327522224025074e+01,3.942151769315827448e+00,1.800000000000000044e+00,4.355907682510139906e-02,5.573023509545615983e-01,4.699031698885567931e-01,-1.891304850315480013e-01,0.000000000000000000e+00
-1.127269848677089215e+01,3.907585908294909594e+00,1.800000000000000044e+00,-1.218843129726757957e-01,5.398992668758529900e-01,4.471435567127566846e-01,-1.891304850315425334e-01,0.000000000000000000e+00
-1.109212119279166586e+01,3.873025410819801895e+00,1.800000000000000044e+00,-2.770764838710156885e-01,5.215379299194032869e-01,4.309281905973755822e-01,-1.891304850315449204e-01,0.000000000000000000e+00
-1.091154733157106271e+01,3.838431947564578284e+00,1.800000000000000044e+00,-4.050301898140488133e-01,5.017438266776762523e-01,4.114348333577714234e-01,-1.891304850315425334e-01,0.000000000000000000e+00
-1.073096832686436386e+01,3.803887878706357029e+00,1.800000000000000044e+00,-4.526811540587001303e-01,4.805098333019429124e-01,3.892126558535501379e-01,-1.891304850315480013e-01,0.000000000000000000e+00
-1.055031256122226502e+01,3.770080967509894521e+00,1.800000000000000044e+00,-4.864251598262910314e-01,4.589895613211380510e-01,3.792466597509896453e-01,-1.891304850315425334e-01,0.000000000000000000e+00
-1.037029205076501270e+01,3.730173515403903295e+00,1.800000000000000044e+00,-4.981690762924112503e-01,4.461224086565829805e-01,3.945976278892149858e-01,-1.891304850315449204e-01,0.000000000000000000e+00
-1.020164684557209789e+01,3.665805613825328102e+00,1.800000000000000044e+00,-4.769117754206081417e-01,4.615801519882516968e-01,4.175266375111399975e-01,-1.891304850315449204e-01,0.000000000000000000e+00
-1.004467006148051489e+01,3.570774020936866577e+00,1.800000000000000044e+00,-4.359043635780945891e-01,5.126116539339411471e-01,4.434204553928224879e-01,-1.891304850315432551e-01,0.000000000000000000e+00
-9.895293173901865913e+00,3.462969034019817816e+00,1.800000000000000044e+00,-4.010602117595652993e-01,5.857418125455134961e-01,4.865358107165727031e-01,-4.876678732839681563e-01,0.000000000000000000e+00
-9.753886351430322676e+00,3.345606237529725302e+00,1.800000000000000044e+00,-3.816041831322863342e-01,6.705039043571902058e-01,5.471030681712069077e-01,-5.285495276697679268e-01,0.000000000000000000e+00
-9.623979597830743415e+00,3.215165882718546531e+00,1.800000000000000044e+00,-3.764021101002971159e-01,7.737567540835378344e-01,6.218226605924663808e-01,-5.683397967185785937e-01,0.000000000000000000e+00
-9.510878362397178876e+00,3.070077963356324435e+00,1.800000000000000044e+00,-3.848585519032240998e-01,8.913084942755598039e-01,6.957699969687172192e-01,-6.262493835281846000e-01,0.000000000000000000e+00
-9.426106576372253798e+00,2.906974022577703209e+00,1.800000000000000044e+00,-4.479761595711606592e-01,9.319804178155788321e-01,7.710680714025662796e-01,-7.009806093761937751e-01,0.000000000000000000e+00
-9.398480058612273425e+00,2.725516544549464459e+00,1.800000000000000044e+00,-6.009710829866635740e-01,9.074177536921256282e-01,8.147155189955898047e-01,-8.497762307582914509e-01,0.000000000000000000e+00
-9.459552316863918620e+00,2.552912300868332984e+00,1.800000000000000044e+00,-9.238910320052555747e-01,9.570672096853802824e-01,8.025578455682461643e-01,-1.064804743054756919e+00,0.000000000000000000e+00
-9.577355713704506002e+00,2.411874632667289298e+00,1.800000000000000044e+00,-1.580936893470205495e+00,1.035943541302684068e+00,7.528003741411865013e-01,-1.332699053736227546e+00,0.000000000000000000e+00
-9.717185222268993172e+00,2.292487212204760816e+00,1.800000000000000044e+00,-2.627016987654374969e+00,9.765642616261557274e-01,7.018942147111559837e-01,-1.718813677731195311e+00,0.000000000000000000e+00
-9.865695928714865559e+00,2.184094629297466561e+00,1.800000000000000044e+00,-2.595767637501434688e+00,9.207710537811371054e-01,6.655820890036453497e-01,-2.093004188087297823e+00,0.000000000000000000e+00
-1.001726465898410723e+01,2.080029446858355335e+00,1.800000000000000044e+00,-1.469547247619523933e+00,8.723266238304869802e-01,6.457268814109812238e-01,-2.334007269917192762e+00,0.000000000000000000e+00
-1.016876568371789880e+01,1.975863404351212660e+00,1.800000000000000044e+00,-6.993169026346108819e-01,8.292713461383025564e-01,6.427108394253808754e-01,-2.466376194357493556e+00,0.000000000000000000e+00
-1.031784105417447783e+01,1.868236587256215886e+00,1.800000000000000044e+00,-2.909297230945825929e-01,7.914095228333482002e-01,6.584317564162027736e-01,-2.528198207390033758e+00,0.000000000000000000e+00
-1.046197092081199642e+01,1.754068236584859219e+00,1.800000000000000044e+00,-5.701597964045009709e-02,7.649451040183915529e-01,6.914287415225781608e-01,-2.541516982326145424e+00,0.000000000000000000e+00
-1.059839309997100543e+01,1.630765084998322401e+00,1.800000000000000044e+00,1.074754237261639350e-01,7.535909984509239212e-01,7.455040151120114755e-01,-2.515987423632123132e+00,0.000000000000000000e+00
-1.072470397220920013e+01,1.497128650600751509e+00,1.800000000000000044e+00,2.552520059978775624e-01,7.555743454642780410e-01,8.187348667831397808e-01,-2.453713617358197485e+00,0.000000000000000000e+00
-1.083964528364779234e+01,1.353571563590642013e+00,1.800000000000000044e+00,3.942442766088040118e-01,7.810497199499271126e-01,9.081713522100033353e-01,-2.357323039353724337e+00,0.000000000000000000e+00
-1.094175076657134404e+01,1.200634424054388028e+00,1.800000000000000044e+00,4.392638790659993964e-01,8.230513316644455513e-01,9.147492938038525034e-01,-2.251224753790654454e+00,0.000000000000000000e+00
-1.102858817493741306e+01,1.038536077422358872e+00,1.800000000000000044e+00,4.739899014524416310e-01,8.847289760551226845e-01,9.101041267434261117e-01,-2.139770366485043596e+00,0.000000000000000000e+00
-1.109649133689602962e+01,8.676384482939621945e-01,1.800000000000000044e+00,5.497807513858092854e-01,9.494947045670539820e-01,9.393147875082702436e-01,-2.015832252387844026e+00,0.000000000000000000e+00
-1.113975366338206463e+01,6.889010183274877352e-01,1.800000000000000044e+00,6.826827074062651324e-01,1.020983840309296120e+00,9.647590179246865461e-01,-1.870436297031172090e+00,0.000000000000000000e+00
-1.114982328438030201e+01,5.053236317674985045e-01,1.800000000000000044e+00,8.946415315860988260e-01,1.084879062325507348e+00,9.277226208707162192e-01,-1.692474575265479508e+00,0.000000000000000000e+00
-1.111594339061747228e+01,3.245903931810631415e-01,1.800000000000000044e+00,1.196813508483805411e+00,1.128474799019959729e+00,9.239527174012703847e-01,-1.470684735141518651e+00,0.000000000000000000e+00
-1.103174877949009236e+01,1.613379025375926701e-01,1.800000000000000044e+00,1.528902163318917040e+00,1.143254555783016269e+00,9.747219666744233457e-01,-1.202172961465634016e+00,0.000000000000000000e+00
-1.090892760262526906e+01,2.430919748793892998e-02,1.800000000000000044e+00,1.543893091243820903e+00,1.132274422636105227e+00,1.071128263216615251e+00,-9.315917386028591540e-01,0.000000000000000000e+00
-1.076210187227281700e+01,-8.548656060860719552e-02,1.800000000000000044e+00,9.654825668910237413e-01,1.100917807761337519e+00,1.064074874722060082e+00,-7.174468987037454504e-01,0.000000000000000000e+00
-1.061039620083089474e+01,-1.941420656893910190e-01,1.800000000000000044e+00,8.893732427170363275e-01,1.082954490986828944e+00,1.048192242132809815e+00,-5.574357427571299262e-01,0.000000000000000000e+00
-1.045027039917078326e+01,-2.686152427896117967e-01,1.800000000000000044e+00,1.324888388659638261e-01,1.047946792954272954e+00,1.054448564468859706e+00,-6.408682272769947730e-01,0.000000000000000000e+00
-1.026936028131773071e+01,-3.704725669721507519e-01,1.800000000000000044e+00,1.009679284763485563e-01,1.038806104799585794e+00,1.018131932964101871e+00,-4.873954688024396131e-01,0.000000000000000000e+00
-1.014893510284823641e+01,-3.550569986282354207e-01,2.500000000000000000e+00,5.058494638855944858e-01,9.687669453314243784e-01,1.055912280694266681e+00,-2.510199229540206467e-01,0.000000000000000000e+00
-1.011258242158164045e+01,-1.323701039981926286e-01,2.500000000000000000e+00,1.318288206968442289e+00,7.541409312209156335e-01,1.281527765901027127e+00,-2.375095972841075598e-01,4.000000000000000222e-01
-9.996688833501465865e+00,-5.637277621667080574e-02,2.500000000000000000e+00,7.011325422227989712e-01,6.338170450338554973e-01,1.373831502294112772e+00,-1.939266186006929731e-03,4.000000000000000222e-01
-9.808375533402006852e+00,-8.346631356428704795e-02,2.500000000000000000e+00,7.011325422227989712e-01,5.826761357773131422e-01,1.368175048440407382e+00,-2.454065225716170646e-03,4.000000000000000222e-01
-9.626108101401996464e+00,-7.612688598934851114e-02,2.500000000000000000e+00,1.917846074284990376e-01,5.205511597607870300e-01,1.391115875587896067e+00,-2.454065225715899162e-03,4.000000000000000222e-01
-9.441803191537466944e+00,-7.878783810539308208e-02,2.500000000000000000e+00,1.917846074284990376e-01,4.878173323073029533e-01,1.399040141205680099e+00,-2.454065225716194065e-03,4.000000000000000222e-01
-9.258075611133346428e+00,-7.861514743996307619e-02,2.652334618176995118e+00,6.298211241415788142e-02,4.691254471673138027e-01,1.401840050686435024e+00,-2.454065225716170646e-03,4.000000000000000222e-01
-9.074185237371494850e+00,-7.924147753237974212e-02,2.957003854530985798e+00,6.298211241415788142e-02,4.730143645812390218e-01,1.394600766851835205e+00,-2.454065225716194065e-03,4.000000000000000222e-01
-8.890340509091013033e+00,-7.964377092195012997e-02,3.261673090884976034e+00,6.298211241415788142e-02,4.903311137718504020e-01,1.377374542089433662e+00,-2.454065225716194065e-03,4.000000000000000222e-01
-8.706483050944303415e+00,-8.010854491574961878e-02,3.402757229596093502e+00,2.670422954483937447e-02,5.185436803858415322e-01,1.360382390773424710e+00,-2.454065225715875743e-03,4.000000000000000222e-01
-8.522629124634816478e+00,-8.055598398086138978e-02,3.684925507018327995e+00,2.670422954483937447e-02,5.464896943609586222e-01,1.345510455256897053e+00,-2.454065225716194065e-03,4.000000000000000222e-01
-8.338774223366209881e+00,-8.100820833069435900e-02,3.967093784440562487e+00,2.670422954483937447e-02,5.675193373095916982e-01,1.338786254909980933e+00,-2.454065225716170646e-03,4.000000000000000222e-01
-8.154919589899265020e+00,-8.145911825908885850e-02,4.249262061862797424e+00,2.670422954483937447e-02,5.712599710916428375e-01,1.338383484346020058e+00,-2.454065225716194065e-03,4.000000000000000222e-01
-7.971064883236129717e+00,-8.191038744825598905e-02,4.360819484342335350e+00,1.565154860939804715e-02,5.645409118948937488e-01,1.340993827784759285e+00,-2.454065225716194065e-03,4.000000000000000222e-01
-7.787210196479452229e+00,-8.236155893278765405e-02,4.583934329301412092e+00,1.565154860939804715e-02,5.515820389692097647e-01,1.338154177815957802e+00,-2.454065225715875743e-03,4.000000000000000222e-01
-7.603355504336547277e+00,-8.281275685394424990e-02,4.807049174260488833e+00,1.565154860939804715e-02,5.365919703318831058e-01,1.325046025627958812e+00,-2.454065225716194065e-03,4.000000000000000222e-01
-7.419500813643364445e+00,-8.326394765955140442e-02,5.030164019219565574e+00,1.565154860939804715e-02,5.237249996007524722e-01,1.305397474624755860e+00,-2.454065225716182356e-03,4.000000000000000222e-01
-7.235646122562133797e+00,-8.371514036980974571e-02,5.253278864178642316e+00,1.565154860939804715e-02,5.115333049211231442e-01,1.284909344249223206e+00,-2.454065225716182356e-03,4.000000000000000222e-01
-7.051791431584161884e+00,-8.416633257321627648e-02,5.314684384377919457e+00,9.588204107015642352e-03,5.051976386620505854e-01,1.264494397599729147e+00,-2.454065225716194065e-03,4.000000000000000222e-01
-6.867936740578889143e+00,-8.461752491065574477e-02,5.437495424776474628e+00,9.588204107015642352e-03,5.047969330210186900e-01,1.249396902268909093e+00,-2.454065225715887453e-03,4.000000000000000222e-01
-6.684082049580782225e+00,-8.506871721289424593e-02,5.560306465175028912e+00,9.588204107015642352e-03,5.075543994400838477e-01,1.238494538382877819e+00,-2.454065225716182356e-03,4.000000000000000222e-01
-6.500227358580811909e+00,-8.551990952430722770e-02,5.683117505573583195e+00,9.588204107015642352e-03,5.095020051033670727e-01,1.236000468434490296e+00,-2.454065225716194065e-03,4.000000000000000222e-01
-6.316372667581318545e+00,-8.597110183334963351e-02,5.805928545972138366e+00,9.588204107015642352e-03,5.125705401624535140e-01,1.236793267034836719e+00,-2.454065225716170646e-03,4.000000000000000222e-01
-6.132517976581708830e+00,-8.642229414299848478e-02,5.928739586370692649e+00,9.588204107015642352e-03,5.148275620297967370e-01,1.238364075164814393e+00,-2.454065225715899162e-03,4.000000000000000222e-01
-5.948663285582121318e+00,-8.687348645249401424e-02,5.952106099265787265e+00,3.652323065484109742e-03,5.144248423452323360e-01,1.228430211136613215e+00,-2.454065225716182356e-03,4.000000000000000222e-01
-5.764808594582535584e+00,-8.732467876202773538e-02,5.998839125055976496e+00,3.652323065484109742e-03,5.109240252509190672e-01,1.209768402269056242e+00,-2.454065225716182356e-03,4.000000000000000222e-01
-5.580953903582950737e+00,-8.777587107155204738e-02,6.045572150846165727e+00,3.652323065484109742e-03,5.050902464891504628e-01,1.194023315713388378e+00,-2.454065225716194065e-03,4.000000000000000222e-01
-5.397099212583357897e+00,-8.822706338107888513e-02,6.092305176636354958e+00,3.652323065484109742e-03,4.977248873233295900e-01,1.182571244248908249e+00,-2.454065225716182356e-03,4.000000000000000222e-01
-5.213244521583772162e+00,-8.867825569060440449e-02,6.139038202426544188e+00,3.652323065484109742e-03,4.896186298188270336e-01,1.180176357908504059e+00,-2.454065225715887453e-03,4.000000000000000222e-01
-5.029389830584181098e+00,-8.912944800013211655e-02,6.185771228216733419e+00,3.652323065484109742e-03,4.783937063179989901e-01,1.181797123081706147e+00,-2.454065225716182356e-03,4.000000000000000222e-01
-4.845535139584594475e+00,-8.958064030965506852e-02,6.209137741111828035e+00,-1.462494739732434976e-03,4.674886066745850832e-01,1.182753887062000464e+00,-2.454065225716194065e-03,4.000000000000000222e-01
-4.661680448585004299e+00,-9.003183261918498714e-02,6.185482874951968135e+00,-1.462494739732434976e-03,4.576070469078177272e-01,1.173149805874021956e+00,-2.454065225716182356e-03,4.000000000000000222e-01
-4.477825757585428335e+00,-9.048302492872592473e-02,6.161828008792109124e+00,-1.462494739732434976e-03,4.490253934634305666e-01,1.155052934023931943e+00,-2.454065225716182356e-03,4.000000000000000222e-01
-4.293971066585737795e+00,-9.093421723809881618e-02,6.138173142632249224e+00,-1.462494739732434976e-03,4.419803463695500811e-01,1.134430301003550134e+00,-2.454065225715887453e-03,4.000000000000000222e-01
-4.110116375586732040e+00,-9.138540954853355269e-02,6.114518276472389324e+00,-1.462494739732434976e-03,4.362896788350003607e-01,1.115230229710576282e+00,-2.454065225716194065e-03,4.000000000000000222e-01
-3.926261684584246847e+00,-9.183660185352382488e-02,6.090863410312530313e+00,-1.462494739732434976e-03,4.285798685543623643e-01,1.096821260661353215e+00,-2.454065225716182356e-03,4.000000000000000222e-01
-3.742406993597934051e+00,-9.228779418385398003e-02,6.067208544152670413e+00,-1.462494739732434976e-03,4.228849036411173046e-01,1.084997320833238410e+00,-2.454065225716182356e-03,4.000000000000000222e-01
-3.558552302540495038e+00,-9.273898640271126259e-02,6.017680745620745064e+00,-3.034254228102984102e-03,4.195851560848375406e-01,1.077842081898925608e+00,-2.454065225716182356e-03,4.000000000000000222e-01
-3.374697611784509999e+00,-9.319017909405541422e-02,5.918625148556893478e+00,-3.034254228102984102e-03,4.188936986852426769e-01,1.077963207049116079e+00,-2.454065225715899162e-03,4.000000000000000222e-01
-3.190842919784283360e+00,-9.364136983517558355e-02,5.819569551493042781e+00,-3.034254228102984102e-03,4.182766741256150889e-01,1.080187454310277628e+00,-2.454065225716182356e-03,4.000000000000000222e-01
-3.006988232817836781e+00,-9.409256846625652093e-02,5.720513954429191195e+00,-3.034254228102984102e-03,4.168645887108050618e-01,1.077349292015178150e+00,-2.454065225716182356e-03,4.000000000000000222e-01
-2.823133525805470612e+00,-9.454373567734342121e-02,5.621458357365340497e+00,-3.034254228102984102e-03,4.177197880210307690e-01,1.065408516542113659e+00,-2.454065225716182356e-03,4.000000000000000222e-01
-2.639278897600457086e+00,-9.499502641111517987e-02,5.522402760301488911e+00,-3.034254228102984102e-03,4.204006900514994927e-01,1.047157516939540844e+00,-2.454065225715899162e-03,4.000000000000000222e-01
-2.455423962901543522e+00,-9.544583674622503233e-02,5.426963438485742586e+00,9.192548058029075724e-04,4.243760085636679169e-01,1.026149451798645806e+00,-2.454065225716182356e-03,4.000000000000000222e-01
-2.271570209217873337e+00,-9.589849820507422018e-02,5.236084794854250823e+00,9.192548058029075724e-04,4.287942085218331423e-01,1.006121581161309564e+00,-2.454065225716182356e-03,4.000000000000000222e-01
-2.087711941495130841e+00,-9.634408435739985621e-02,5.045206151222759061e+00,9.192548058029075724e-04,4.315535547626592194e-01,9.901413549088570187e-01,-2.454065225716194065e-03,4.000000000000000222e-01
-1.903870802668393480e+00,-9.681651834767640574e-02,4.854327507591267299e+00,9.192548058029075724e-04,4.303767082667774302e-01,9.777423553707261794e-01,-2.454065225716170646e-03,4.000000000000000222e-01
-1.719965092869891077e+00,-9.718774377289132738e-02,4.663448863959775537e+00,9.192548058029075724e-04,4.231416741463694953e-01,9.742693059487268492e-01,-2.454065225715899162e-03,4.000000000000000222e-01
-1.536301325087774616e+00,-9.793818920416899609e-02,4.568009542144029211e+00,1.143384481552549813e-02,4.097293748374263300e-01,9.745860033744119244e-01,-2.454065225716194065e-03,4.000000000000000222e-01
-1.351736151457728630e+00,-9.727577077569408981e-02,4.207544275834854020e+00,1.143384481552549813e-02,3.906897296882340109e-01,9.775826756563459341e-01,-2.454065225716170646e-03,4.000000000000000222e-01
-1.170511317834926679e+00,-1.018490025111497832e-01,3.847079009525678828e+00,1.143384481552549813e-02,3.637313144517617114e-01,9.666624603770793689e-01,-2.454065225716194065e-03,4.000000000000000222e-01
-9.769721068611528780e-01,-8.712067462799145956e-02,3.486613743216503636e+00,1.143384481552549813e-02,3.226867172864368860e-01,9.623002225991079683e-01,-2.454065225716170646e-03,0.000000000000000000e+00
-8.432623081412796706e-01,-1.661682025130164220e-01,3.306381110061916040e+00,3.761574093697497151e-02,3.775538778360403303e-01,8.703789782013330312e-01,-2.454065225715899162e-03,0.000000000000000000e+00
-7.888399700224366651e-01,-3.694738498493464474e-01,2.983828666037149802e+00,3.761574093697497151e-02,5.652574906988083736e-01,6.634963941099583096e-01,-2.454065225716194065e-03,0.000000000000000000e+00
-6.924934450760310556e-01,-5.070202447996899897e-01,2.661276222012383119e+00,3.761574093697497151e-02,6.866206228562232727e-01,5.188050662357198695e-01,-2.454065225716178453e-03,0.000000000000000000e+00
-5.029562405718293050e-01,-4.986028724837814341e-01,2.500000000000000000e+00,1.150401198210791176e-01,6.572272995303348742e-01,5.227418304478521627e-01,1.086982647904373711e-01,0.000000000000000000e+00
-3.203882240772183421e-01,-5.009724086231758244e-01,2.500000000000000000e+00,1.150401198210791176e-01,6.484977131770167658e-01,5.207318285790312196e-01,1.086982647904373572e-01,0.000000000000000000e+00
-1.362670325073134514e-01,-5.012619600370534778e-01,2.500000000000000000e+00,3.669813211466766978e-01,6.546311987954323008e-01,5.229429388821221769e-01,2.726448124577121046e-01,0.000000000000000000e+00
4.696800775608704626e-02,-4.920513543884187935e-01,2.500000000000000000e+00,1.108759828430227357e+00,6.797331506314967520e-01,5.274793415495772075e-01,2.051610574274074783e-01,0.000000000000000000e+00
2.299533439465106799e-01,-4.725208405614620411e-01,2.500000000000000000e+00,1.926898210146039903e+00,7.293270210592563974e-01,5.305778377413201685e-01,4.903465350546042378e-01,0.000000000000000000e+00
4.112380512702090707e-01,-4.428141133885338809e-01,2.500000000000000000e+00,1.489158923252352773e+00,7.993689735939222274e-01,5.409918367403001582e-01,7.633939579427027056e-01,0.000000000000000000e+00
5.842048912320852994e-01,-3.813073866410846557e-01,2.500000000000000000e+00,1.044689178062314872e+00,8.730394556729369482e-01,5.915423543220988956e-01,1.011368376347492992e+00,0.000000000000000000e+00
7.303454174528652976e-01,-2.691657125191914135e-01,2.500000000000000000e+00,8.077199402960133501e-01,9.247978935468930128e-01,6.994484627652495234e-01,1.190337166723605788e+00,0.000000000000000000e+00
8.419005088516385849e-01,-1.229783600102905272e-01,2.500000000000000000e+00,7.937838486773246549e-01,9.570884158760133431e-01,8.462390690067393972e-01,1.336626007881272171e+00,0.000000000000000000e+00
9.240440608494263630e-01,4.153944962645043232e-02,2.500000000000000000e+00,7.419271758809079520e-01,9.895045507593731582e-01,1.012632135971565317e+00,1.451802784688150050e+00,0.000000000000000000e+00
9.810116745235768487e-01,2.163846500699465325e-01,2.500000000000000000e+00,6.541164634970980662e-01,1.026879184038970827e+00,1.187971808364586046e+00,1.546124484420634992e+00,0.000000000000000000e+00
1.013268013280752111e+00,3.972939916139202610e-01,2.500000000000000000e+00,6.323109677240410509e-01,1.062921139479552579e+00,1.370072042841443904e+00,1.645296660229395025e+00,0.000000000000000000e+00
1.022253099836684331e+00,5.808849710107222286e-01,2.500000000000000000e+00,6.888949537721745786e-01,1.106387303657273558e+00,1.448652049615343884e+00,1.747074371901036649e+00,0.000000000000000000e+00
1.009665258796888399e+00,7.642666488917128076e-01,2.500000000000000000e+00,7.676203549292214268e-01,1.149201084632938130e+00,1.277384587859856868e+00,1.844399599490159192e+00,0.000000000000000000e+00
9.720883361260870270e-01,9.441743949053478246e-01,2.500000000000000000e+00,9.201475847564370980e-01,1.191215174848372804e+00,1.117054830696077028e+00,1.932347237381814908e+00,0.000000000000000000e+00
9.077229634087916610e-01,1.116288565817742828e+00,2.500000000000000000e+00,1.162438780237048608e+00,1.222623313564630054e+00,9.732448571224591172e-01,2.065967169429843153e+00,0.000000000000000000e+00
8.090655298709545917e-01,1.272056395018505537e+00,2.500000000000000000e+00,1.183151968506048979e+00,1.231045872028156296e+00,8.589592868337998510e-01,2.399064903238714574e+00,0.000000000000000000e+00
6.782465101079022674e-01,1.402767034754364817e+00,2.500000000000000000e+00,8.226040999454409253e-01,1.211877848960218662e+00,7.822435215306781098e-01,2.619692339958505478e+00,0.000000000000000000e+00
5.247343450574744050e-01,1.503661533907857617e+00,2.500000000000000000e+00,4.714438410066699170e-01,1.166370419429560323e+00,7.485179445381969776e-01,2.684218251388260423e+00,0.000000000000000000e+00
3.567832552610488150e-01,1.578306108417795173e+00,2.500000000000000000e+00,2.609000007036116897e-01,1.100599720600934139e+00,7.456400023478870764e-01,2.724211762295039918e+00,0.000000000000000000e+00
