-6.857825326412740896e-01,-1.295769832241406849e-01,2.500000000000000000e+00,2.708775352091202238e-01,9.428257131219027753e-01,1.336336318828537317e+00,-7.852719156659685451e-01,0.000000000000000000e+00
-5.512149921523632479e-01,-2.573677650742419165e-01,2.500000000000000000e+00,9.843746002682765006e-01,9.489369191490736322e-01,1.218704249280829544e+00,-6.706084154684627263e-01,0.000000000000000000e+00
-3.989981312767649779e-01,-3.662007488925059229e-01,2.500000000000000000e+00,1.040389277474892182e+00,9.594250036584149877e-01,1.109358315592882338e+00,-4.542952369368147281e-01,0.000000000000000000e+00
-2.120109291090525039e-01,-3.928010224154304120e-01,2.500000000000000000e+00,1.130658170864930145e+00,9.166581402523892308e-01,1.084508140006798182e+00,1.434968221931269550e-01,0.000000000000000000e+00
-9.089439783523395322e-02,-5.086865878023134613e-01,2.500000000000000000e+00,1.169586008744992744e+00,1.004367814207807852e+00,9.710467112005456425e-01,1.434968221931269550e-01,-5.999999999999999778e-01
-3.578072839993898246e-02,-7.231108097869487494e-01,2.500000000000000000e+00,5.811454504234596641e-01,1.209328465442985445e+00,7.561336073701637739e-01,1.434968221931272603e-01,-5.999999999999999778e-01
2.583618981005519899e-02,-9.154987166831320966e-01,2.500000000000000000e+00,1.381883449998081714e-01,1.396932201623755976e+00,5.637929260130976061e-01,1.434968221931269272e-01,-5.999999999999999778e-01
1.641302468741299703e-01,-9.692786578758314509e-01,2.500000000000000000e+00,5.107486464025202261e-02,1.447538335245183827e+00,5.052164028466340495e-01,1.434968221931269272e-01,-5.999999999999999778e-01
3.559399465037286214e-01,-9.288871089606847153e-01,2.544275828783407967e+00,5.107486464025202261e-02,1.416248548604362778e+00,5.297825014111172681e-01,1.434968221931273158e-01,-5.999999999999999778e-01
5.377669449884195929e-01,-9.060204092151784572e-01,2.588551657566815933e+00,5.107486464025202261e-02,1.412072453937564642e+00,5.332625687619028110e-01,1.434968221931268439e-01,-5.999999999999999778e-01
7.222734572704028189e-01,-8.784497646691741268e-01,2.749429723711942941e+00,1.883543096185582438e-02,1.410302081273652641e+00,5.474303825859841988e-01,1.434968221931270937e-01,-5.999999999999999778e-01
9.060635379006016787e-01,-8.521368314836145208e-01,3.071185856002196513e+00,1.883543096185582438e-02,1.414329141165776571e+00,5.720226240323745825e-01,1.434968221931267607e-01,-5.999999999999999778e-01
1.090044390097989035e+00,-8.254889946590201477e-01,3.392941988292450084e+00,1.883543096185582438e-02,1.418138381630218436e+00,5.990840503886157853e-01,1.434968221931270937e-01,-5.999999999999999778e-01
1.273974664676695623e+00,-7.989299479450238106e-01,3.553820054437577092e+00,9.269688383733454620e-03,1.423422336683270117e+00,6.273807505907508242e-01,1.434968221931270660e-01,-5.999999999999999778e-01
1.457918285719364659e+00,-7.723474712230088413e-01,3.798524415407789512e+00,9.269688383733454620e-03,1.429770414753717800e+00,6.480236537940603503e-01,1.434968221931270937e-01,-5.999999999999999778e-01
1.641858402800705274e+00,-7.457711457813812617e-01,4.043228776378001932e+00,9.269688383733454620e-03,1.432454438305123867e+00,6.592557099703122425e-01,1.434968221931267607e-01,-5.999999999999999778e-01
1.825799434659701070e+00,-7.191932144276673711e-01,4.287933137348214352e+00,9.269688383733454620e-03,1.433068297933516089e+00,6.662253215744116108e-01,1.434968221931273991e-01,-5.999999999999999778e-01
2.009740229186857352e+00,-6.926156997151641237e-01,4.532637498318426772e+00,9.269688383733454620e-03,1.430624953667571031e+00,6.742017783071269088e-01,1.434968221931267607e-01,-5.999999999999999778e-01
2.193681084854234964e+00,-6.660380776696701588e-01,4.632917115021410126e+00,8.764169094425186893e-03,1.423291967550183390e+00,6.850767126846289967e-01,1.434968221931270937e-01,-5.999999999999999778e-01
2.377621924898258854e+00,-6.394604830513147542e-01,4.833476348427376834e+00,8.764169094425186893e-03,1.412555451742538271e+00,6.974859312169705561e-01,1.434968221931270937e-01,-5.999999999999999778e-01
2.561562768896898490e+00,-6.128828814905449285e-01,5.034035581833343542e+00,8.764169094425186893e-03,1.399376667018844556e+00,7.099784287528883020e-01,1.434968221931267607e-01,-5.999999999999999778e-01
2.745503611905790287e+00,-5.863052816673002265e-01,5.234594815239310250e+00,8.764169094425186893e-03,1.384732113387864949e+00,7.220448460682266090e-01,1.434968221931273991e-01,-5.999999999999999778e-01
2.929444455158995542e+00,-5.597276814151561641e-01,5.435154048645276958e+00,8.764169094425186893e-03,1.370080458184939065e+00,7.324269951687022440e-01,1.434968221931264831e-01,-5.999999999999999778e-01
3.113385298352930430e+00,-5.331500812670617595e-01,5.535433665348260313e+00,6.372702904081812940e-03,1.356939488421020412e+00,7.428514373949410832e-01,1.434968221931273991e-01,-5.999999999999999778e-01
3.297326141560923851e+00,-5.065724810942899836e-01,5.699906205365349976e+00,6.372702904081812940e-03,1.346456583308665911e+00,7.538605454800757499e-01,1.434968221931270660e-01,-5.999999999999999778e-01
3.481266984765683858e+00,-4.799948809271927241e-01,5.864378745382440528e+00,6.372702904081812940e-03,1.336953120971732245e+00,7.651934766163249746e-01,1.434968221931271493e-01,-5.999999999999999778e-01
3.665207827971153964e+00,-4.534172807588482401e-01,6.028851285399530191e+00,6.372702904081812940e-03,1.332504046614326310e+00,7.764426576995104856e-01,1.434968221931273991e-01,-5.999999999999999778e-01
3.849148671176480185e+00,-4.268396805907584968e-01,6.193323825416619854e+00,6.372702904081812940e-03,1.330733063285765017e+00,7.874402513665809122e-01,1.434968221931273991e-01,-5.999999999999999778e-01
4.033089514381831719e+00,-4.002620804226235118e-01,6.357796365433710406e+00,6.372702904081812940e-03,1.333632320020425865e+00,7.990231920541595034e-01,1.434968221931261501e-01,-5.999999999999999778e-01
4.217030357587178813e+00,-3.736844802544941890e-01,6.522268905450800069e+00,6.372702904081812940e-03,1.339520406709580058e+00,8.097172433980851514e-01,1.434968221931273991e-01,-5.999999999999999778e-01
4.400971200792527682e+00,-3.471068800863651438e-01,6.598314018974789974e+00,-3.148430946738523428e-04,1.345887004765295547e+00,8.225204152689309378e-01,1.434968221931273991e-01,-5.999999999999999778e-01
4.584912043997875664e+00,-3.205292799182355989e-01,6.750404246022769783e+00,-3.148430946738523428e-04,1.352555204552268853e+00,8.361402645141809975e-01,1.434968221931268162e-01,-5.999999999999999778e-01
4.768852887203223645e+00,-2.939516797501061096e-01,6.902494473070749592e+00,-3.148430946738523428e-04,1.357326389277246026e+00,8.466426737858515628e-01,1.434968221931267052e-01,-5.999999999999999778e-01
4.952793730408571626e+00,-2.673740795819767313e-01,7.054584700118729401e+00,-3.148430946738523428e-04,1.357274649921512033e+00,8.500985473161392081e-01,1.434968221931268162e-01,-5.999999999999999778e-01
5.136734573613919608e+00,-2.407964794138474085e-01,7.206674927166708322e+00,-3.148430946738523428e-04,1.350264903488363144e+00,8.463631014117939388e-01,1.434968221931273991e-01,-5.999999999999999778e-01
5.320675416819267589e+00,-2.142188792457178359e-01,7.358765154214688131e+00,-3.148430946738523428e-04,1.339137025992205965e+00,8.394668655169225113e-01,1.434968221931273991e-01,-5.999999999999999778e-01
5.504616260024615571e+00,-1.876412790775884021e-01,7.510855381262667940e+00,-3.148430946738523428e-04,1.325707672619211630e+00,8.335779285741118372e-01,1.434968221931268162e-01,-5.999999999999999778e-01
5.688557103229962664e+00,-1.610636789094590515e-01,7.567433750670728543e+00,-3.394152760717000349e-03,1.311787087708999433e+00,8.300644285911373821e-01,1.434968221931267052e-01,-5.999999999999999778e-01
5.872497946435311533e+00,-1.344860787413296177e-01,7.680590489486849748e+00,-3.394152760717000349e-03,1.299176115667799891e+00,8.268620999634721525e-01,1.434968221931268162e-01,-5.999999999999999778e-01
6.056438789640659515e+00,-1.079084785732003782e-01,7.793747228302970953e+00,-3.394152760717000349e-03,1.287297575025784013e+00,8.217699166750259687e-01,1.434968221931273991e-01,-5.999999999999999778e-01
6.240379632846006608e+00,-8.133087840507087496e-02,7.906903967119092158e+00,-3.394152760717000349e-03,1.278679847988951623e+00,8.154546331345045029e-01,1.434968221931273991e-01,-5.999999999999999778e-01
6.424320476051355477e+00,-5.475327823694127460e-02,8.020060705935213363e+00,-3.394152760717000349e-03,1.273578770496952561e+00,8.097521223377391886e-01,1.434968221931267052e-01,-5.999999999999999778e-01
6.608261319256703459e+00,-2.817567806881192058e-02,8.133217444751334568e+00,-3.394152760717000349e-03,1.269522637778473406e+00,8.086407435819679135e-01,1.434968221931262333e-01,-5.999999999999999778e-01
6.792202162462052328e+00,-1.598077900682671072e-03,8.246374183567455773e+00,-3.394152760717000349e-03,1.266822915424694163e+00,8.164298104468931117e-01,1.434968221931273991e-01,-5.999999999999999778e-01
6.976143005667399422e+00,2.497952226744668686e-02,8.359530922383576979e+00,-3.394152760717000349e-03,1.265191822556487988e+00,8.269792291021083042e-01,1.434968221931273991e-01,-5.999999999999999778e-01
7.160083848872747403e+00,5.155712243557634272e-02,8.385693507444242911e+00,-1.389926501640061183e-03,1.263650238904046930e+00,8.401559910993950941e-01,1.434968221931273991e-01,-5.999999999999999778e-01
7.344024692078095384e+00,7.813472260370576961e-02,8.438018677565576553e+00,-1.389926501640061183e-03,1.261225839094417545e+00,8.494147353776856368e-01,1.434968221931267052e-01,-5.999999999999999778e-01
7.527965535283445142e+00,1.047123227718353006e-01,8.490343847686908418e+00,-1.389926501640061183e-03,1.257522364738989928e+00,8.502785196628772635e-01,1.434968221931273991e-01,-5.999999999999999778e-01
7.711906378488792235e+00,1.312899229399647483e-01,8.542669017808242060e+00,-1.389926501640061183e-03,1.253197962232994067e+00,8.400805261701934645e-01,1.434968221931255672e-01,-5.999999999999999778e-01
7.895847221694140217e+00,1.578675231080939600e-01,8.594994187929573926e+00,-1.389926501640061183e-03,1.248577584798021389e+00,8.216881763544349182e-01,1.434968221931267052e-01,-5.999999999999999778e-01
8.079788064899489086e+00,1.844451232762233661e-01,8.647319358050907567e+00,-1.389926501640061183e-03,1.243702462559584054e+00,8.002716128276030627e-01,1.434968221931280652e-01,-5.999999999999999778e-01
8.263728908104836179e+00,2.110227234443527722e-01,8.699644528172239433e+00,-1.389926501640061183e-03,1.240124038023464825e+00,7.826860587310749962e-01,1.434968221931267052e-01,-5.999999999999999778e-01
8.447669751310185049e+00,2.376003236124824280e-01,8.751969698293571298e+00,-1.389926501640061183e-03,1.238611627319168074e+00,7.687424168755986331e-01,1.434968221931280652e-01,-5.999999999999999778e-01
8.631610594515533919e+00,2.641779237806122227e-01,8.804294868414904940e+00,-1.389926501640061183e-03,1.239644665347648056e+00,7.654709409487198135e-01,1.434968221931255672e-01,-5.999999999999999778e-01
8.815551437720884564e+00,2.907555239487415455e-01,8.806743844158424039e+00,3.813480411812743363e-03,1.241150394592360540e+00,7.643223755132256825e-01,1.434968221931267052e-01,-5.999999999999999778e-01
8.999492280926233434e+00,3.173331241168709793e-01,8.811641795645460462e+00,3.813480411812743363e-03,1.244777987847460521e+00,7.586246077942450095e-01,1.434968221931280652e-01,-5.999999999999999778e-01
9.183433124131582304e+00,3.439107242850005797e-01,8.816539747132496885e+00,3.813480411812743363e-03,1.249772008102293608e+00,7.412469174872134969e-01,1.434968221931267052e-01,-5.999999999999999778e-01
9.367373967336931173e+00,3.704883244531300690e-01,8.821437698619533307e+00,3.813480411812743363e-03,1.255375648950934009e+00,7.198039854872171350e-01,1.434968221931267052e-01,-5.999999999999999778e-01
9.551314810542278266e+00,3.970659246212600024e-01,8.826335650106569730e+00,3.813480411812743363e-03,1.260831729587268191e+00,7.018734166412023967e-01,1.434968221931280652e-01,-5.999999999999999778e-01
9.735255653747627136e+00,4.236435247893891032e-01,8.831233601593606153e+00,3.813480411812743363e-03,1.265160765866204740e+00,6.879843921956052544e-01,1.434968221931255672e-01,-5.999999999999999778e-01
9.919196496952976005e+00,4.502211249575184260e-01,8.836131553080644352e+00,3.813480411812743363e-03,1.268007651626445353e+00,6.835463511823064442e-01,1.434968221931280652e-01,-5.999999999999999778e-01
1.010313734015832665e+01,4.767987251256484149e-01,8.841029504567680775e+00,3.813480411812743363e-03,1.269915802162444374e+00,6.826619565698328618e-01,1.434968221931267052e-01,-5.999999999999999778e-01
1.028707818336367552e+01,5.033763252937778487e-01,8.845927456054717197e+00,3.813480411812743363e-03,1.271803034349024975e+00,6.813322299900037571e-01,1.434968221931267052e-01,-5.999999999999999778e-01
1.047101902656902439e+01,5.299539254619076711e-01,8.826474603305969779e+00,2.229264381614201596e-02,1.274600364794364671e+00,6.781850713206699632e-01,1.434968221931280652e-01,-5.999999999999999778e-01
1.065495986977437326e+01,5.565315256300370494e-01,8.787568897808474944e+00,2.229264381614201596e-02,1.279237862182562191e+00,6.733588183849545938e-01,1.434968221931255672e-01,-5.999999999999999778e-01
1.083890071297972035e+01,5.831091257981663167e-01,8.748663192310980108e+00,2.229264381614201596e-02,1.285498405947817835e+00,6.679604755370358582e-01,1.434968221931280652e-01,-5.999999999999999778e-01
1.102284155618506922e+01,6.096867259662959171e-01,8.709757486813485272e+00,2.229264381614201596e-02,1.293615064373032864e+00,6.630224473197222634e-01,1.434968221931267052e-01,-5.999999999999999778e-01
1.120678239939041809e+01,6.362643261344254064e-01,8.670851781315992213e+00,2.229264381614201596e-02,1.305394833988779313e+00,6.592289448172825583e-01,1.434968221931267052e-01,-5.999999999999999778e-01
1.139072324259576874e+01,6.628419263025553398e-01,8.631946075818497377e+00,2.229264381614201596e-02,1.319286312723088495e+00,6.571689010954707699e-01,1.434968221931280652e-01,-5.999999999999999778e-01
1.157466408580111761e+01,6.894195264706848292e-01,8.593040370321002541e+00,2.229264381614201596e-02,1.332955434909327108e+00,6.543090103891491260e-01,1.434968221931255672e-01,-5.999999999999999778e-01
1.175860492900646648e+01,7.159971266388140965e-01,8.554134664823507705e+00,2.229264381614201596e-02,1.346514593962535145e+00,6.519813699635840232e-01,1.434968221931280652e-01,-5.999999999999999778e-01
1.194254577221181357e+01,7.425747268069436968e-01,8.515228959326012870e+00,2.229264381614201596e-02,1.358300992967360843e+00,6.470617325872407566e-01,1.434968221931267052e-01,-5.999999999999999778e-01
1.212648661541716244e+01,7.691523269750730751e-01,8.495776106577265452e+00,3.959169864103437991e-02,1.366475693010705594e+00,6.361670817144727819e-01,1.434968221931267052e-01,-5.999999999999999778e-01
1.231042745862251131e+01,7.957299271432025645e-01,8.393574963292358859e+00,3.959169864103437991e-02,1.367970156498224510e+00,6.185175383478779265e-01,1.434968221931280652e-01,-5.999999999999999778e-01
1.249436830182786018e+01,8.223075273113323869e-01,8.291373820007450490e+00,3.959169864103437991e-02,1.365117774389699834e+00,5.967747442001232194e-01,1.434968221931255672e-01,-5.999999999999999778e-01
1.267830914503321083e+01,8.488851274794618762e-01,8.189172676722543898e+00,3.959169864103437991e-02,1.359755185487462326e+00,5.738485697130589758e-01,1.434968221931280652e-01,-5.999999999999999778e-01
1.286224998823855969e+01,8.754627276475914766e-01,8.086971533437635529e+00,3.959169864103437991e-02,1.353715627726110204e+00,5.523329267838350543e-01,1.434968221931267052e-01,-5.999999999999999778e-01
1.304619083144390856e+01,9.020403278157208549e-01,7.984770390152728936e+00,3.959169864103437991e-02,1.348826609383825259e+00,5.342726559020153365e-01,1.434968221931255672e-01,-5.999999999999999778e-01
1.323013167464925566e+01,9.286179279838502332e-01,7.882569246867821455e+00,3.959169864103437991e-02,1.344591204581710331e+00,5.201724616979754856e-01,1.434968221931292309e-01,-5.999999999999999778e-01
1.341407251785460453e+01,9.551955281519801666e-01,7.780368103582913974e+00,3.959169864103437991e-02,1.343853131803308010e+00,5.080959823858883784e-01,1.434968221931255672e-01,-5.999999999999999778e-01
1.359801336105995340e+01,9.817731283201093229e-01,7.729267531940460678e+00,2.599822006913264996e-02,1.347361103578370800e+00,5.012291384491335267e-01,1.434968221931278709e-01,-5.999999999999999778e-01
1.378195420426530227e+01,1.008350728488238923e+00,7.549513612002557217e+00,2.599822006913264996e-02,1.351499908361400770e+00,4.983751672305986591e-01,1.434968221931268995e-01,-5.999999999999999778e-01
1.396589504747065291e+01,1.034928328656369079e+00,7.369759692064654644e+00,2.599822006913264996e-02,1.357509180691651052e+00,4.947098676955741792e-01,1.434968221931255672e-01,-5.999999999999999778e-01
1.414983589067600178e+01,1.061505928824497902e+00,7.190005772126751182e+00,2.599822006913264996e-02,1.363723962865960093e+00,4.896087504914888311e-01,1.434968221931292309e-01,-5.999999999999999778e-01
1.433377673388134887e+01,1.088083528992627391e+00,7.010251852188847721e+00,2.599822006913264996e-02,1.368478594433738538e+00,4.849026650926991922e-01,1.434968221931255672e-01,-5.999999999999999778e-01
1.451771757708669774e+01,1.114661129160756881e+00,6.830497932250944260e+00,2.599822006913264996e-02,1.370115109731978364e+00,4.806030672464015607e-01,1.434968221931278709e-01,-5.999999999999999778e-01
1.470165842029204484e+01,1.141238729328887036e+00,6.650744012313041686e+00,2.599822006913264996e-02,1.367317371433327988e+00,4.767212685712555187e-01,1.434968221931268995e-01,-5.999999999999999778e-01
1.488559926349739371e+01,1.167816329497013861e+00,6.560867052344089956e+00,7.138714001602707330e-04,1.361220141365215630e+00,4.732683730631944141e-01,1.434968221931278709e-01,-5.999999999999999778e-01
1.506954010670273547e+01,1.194393929665155341e+00,6.292380996119983472e+00,7.138714001602707330e-04,1.354029943470752562e+00,4.702546189742390359e-01,1.434968221931268995e-01,-5.999999999999999778e-01
1.525348094990810921e+01,1.220971529833233316e+00,6.023894939895876099e+00,7.138714001602707330e-04,1.347924095638809217e+00,4.667322783306843137e-01,1.434968221931255672e-01,-5.999999999999999778e-01
1.543742179311335505e+01,1.247549130001571527e+00,5.755408883671769615e+00,7.138714001602707330e-04,1.344887165312492083e+00,4.615486216118511731e-01,1.434968221931292309e-01,-5.999999999999999778e-01
1.562136263631909294e+01,1.274126730168869459e+00,5.486922827447662243e+00,7.138714001602707330e-04,1.343598660401585709e+00,4.567786567489573457e-01,1.434968221931268995e-01,-5.999999999999999778e-01
1.580530347952291059e+01,1.300704330340264114e+00,5.218436771223555759e+00,7.138714001602707330e-04,1.348896641954231868e+00,4.524340250361437166e-01,1.434968221931280652e-01,-5.999999999999999778e-01
1.598924432273421736e+01,1.327281930495677997e+00,5.084193743111502073e+00,8.854738000570442150e-03,1.357899472099312721e+00,4.485356024043571366e-01,1.434968221931242072e-01,-5.999999999999999778e-01
1.617318516591655353e+01,1.353859530712951731e+00,4.684920519411890361e+00,8.854738000570442150e-03,1.371180094886816025e+00,4.451071209371428861e-01,1.434968221931268995e-01,-5.999999999999999778e-01
1.635712600921025484e+01,1.380437130692394376e+00,4.285647295712278648e+00,8.854738000570442150e-03,1.384686125851151806e+00,4.421658244496097234e-01,1.434968221931315346e-01,-5.999999999999999778e-01
1.654106685207833749e+01,1.407014731580759959e+00,3.886374072012666492e+00,8.854738000570442150e-03,1.393811909083724210e+00,4.388162794924859167e-01,1.434968221931242072e-01,-5.999999999999999778e-01
1.672500769656427977e+01,1.433592329014163003e+00,3.487100848313054779e+00,8.854738000570442150e-03,1.389442300810034281e+00,4.335380896166666220e-01,1.434968221931268995e-01,-5.999999999999999778e-01
1.690894853493069050e+01,1.460169939515868709e+00,3.289680678650444001e+00,4.111374643818917901e-02,1.365558526052672139e+00,4.286283875319791270e-01,1.434968221931268995e-01,-5.999999999999999778e-01
1.709288939633892923e+01,1.486747500811619993e+00,2.894840339325222001e+00,4.111374643818917901e-02,1.333925420307625398e+00,4.241300200934970954e-01,1.434968221931242072e-01,-5.999999999999999778e-01
1.727683017135605681e+01,1.513325246596077811e+00,2.500000000000000000e+00,4.111374643818917901e-02,1.303894400521510955e+00,4.202122298496129837e-01,1.434968221931315346e-01,-5.999999999999999778e-01
1.746077126898435949e+01,1.539902303442552967e+00,2.500000000000000000e+00,1.189513466535213615e-01,1.279169338167104542e+00,4.170544875751309166e-01,1.434968221931268995e-01,-5.999999999999999778e-01
1.764471116647650106e+01,1.566481923186574310e+00,2.500000000000000000e+00,1.189513466535213615e-01,1.261725296484119685e+00,4.145880754693879178e-01,1.434968221931268995e-01,-5.999999999999999778e-01
1.782865551218859324e+01,1.593052043731749023e+00,2.500000000000000000e+00,3.314158569770432883e-01,1.256671169218829487e+00,4.115032646853091780e-01,1.434968221931242072e-01,-5.999999999999999778e-01
1.801258342954272962e+01,1.619657247128196920e+00,2.500000000000000000e+00,1.133276009036799703e+00,1.266047261215910602e+00,4.058027743017229572e-01,1.434968221931268995e-01,-5.999999999999999778e-01
1.819657180955806197e+01,1.646133332169918306e+00,2.500000000000000000e+00,1.855348805539661416e+00,1.290303104625666775e+00,3.993028336463569361e-01,1.434968221931315346e-01,-5.999999999999999778e-01
1.838033842850507682e+01,1.673082989226463813e+00,2.500000000000000000e+00,9.886870681698306518e-01,1.333012864441883938e+00,3.939439628930967441e-01,1.238006799912640066e+00,-5.999999999999999778e-01
1.856491562687743269e+01,1.698301649338640029e+00,2.500000000000000000e+00,6.042954443015394750e-01,1.395649551260110366e+00,3.897261974746333291e-01,1.314652654300881851e+00,0.000000000000000000e+00
1.874654016614843499e+01,1.729825729650800614e+00,2.500000000000000000e+00,7.891630878689813722e-01,1.466565694350905114e+00,3.976407248841315467e-01,1.420813052406394883e+00,0.000000000000000000e+00
1.893888290348416348e+01,1.738461037414252175e+00,2.500000000000000000e+00,7.523892096321032064e-01,1.577397271025535508e+00,3.847084295902894469e-01,1.516415866106708865e+00,0.000000000000000000e+00
1.908564080294106802e+01,1.828141295713469949e+00,2.500000000000000000e+00,5.926865213743253147e-01,1.613242020836696211e+00,4.613143991009325262e-01,1.598716211827187816e+00,0.000000000000000000e+00
1.913316389758211500e+01,1.995719243972212675e+00,2.500000000000000000e+00,4.753860433031852351e-01,1.532956900637087339e+00,6.260732767869927606e-01,1.669801173267635441e+00,0.000000000000000000e+00
1.912323194637294321e+01,2.189768784904073673e+00,2.500000000000000000e+00,4.517764390203615754e-01,1.406674933091443869e+00,8.202228692180891789e-01,1.732110146634822767e+00,0.000000000000000000e+00
1.909944134612669941e+01,2.392748917519668783e+00,2.500000000000000000e+00,4.584909044500158903e-01,1.278153328251892429e+00,1.023769628270017717e+00,1.819573896073366059e+00,0.000000000000000000e+00
1.910529355297710552e+01,2.587148836889478165e+00,2.500000000000000000e+00,3.728421654137573094e-01,1.194220409864326760e+00,1.217896882345933740e+00,1.941923299428712113e+00,0.000000000000000000e+00
1.914264995298151106e+01,2.768701392844667541e+00,2.500000000000000000e+00,2.458540486507941047e-01,1.165870523932246439e+00,1.397952649105840939e+00,2.005383891336286695e+00,0.000000000000000000e+00
1.914594318571522891e+01,2.954565007212673677e+00,2.500000000000000000e+00,2.458540486507941047e-01,1.124713060085186900e+00,1.503895336671318805e+00,1.882563062871574600e+00,0.000000000000000000e+00
1.912793392198343767e+01,3.139471678527189891e+00,2.500000000000000000e+00,1.647362116751478200e-01,1.078223642950126848e+00,1.401283878142367545e+00,2.089852395114375039e+00,0.000000000000000000e+00
1.909250138514464368e+01,3.321812813693530320e+00,2.500000000000000000e+00,1.647362116751478200e-01,1.032661050878269871e+00,1.317290850761902554e+00,1.923825013623110980e+00,0.000000000000000000e+00
1.904261475261244740e+01,3.500688642403501749e+00,2.562102808113104313e+00,1.120676960735286221e-01,9.881461204306504209e-01,1.247856555446567928e+00,2.112940281580051316e+00,0.000000000000000000e+00
1.900600776244669632e+01,3.683229662640940649e+00,2.686308424339312939e+00,1.120676960735286221e-01,9.708183526039027011e-01,1.169245967188330404e+00,2.112940281580038437e+00,0.000000000000000000e+00
1.893132383035402455e+01,3.852354738428574787e+00,2.748411232452417252e+00,6.584375698437909541e-02,9.254316149833431426e-01,1.130573177477737667e+00,1.998112630406101209e+00,0.000000000000000000e+00
1.884320492189871032e+01,4.015156489926688721e+00,2.954101378194974981e+00,6.584375698437909541e-02,8.753888114058365755e-01,1.107895482066795667e+00,2.129444768230871698e+00,0.000000000000000000e+00
1.878502281588760425e+01,4.191360364327051613e+00,3.159791523937532709e+00,6.584375698437909541e-02,8.626751543153220458e-01,1.055726171316820006e+00,2.129444768230858820e+00,0.000000000000000000e+00
1.868964548607812759e+01,4.351342024541180464e+00,3.262636596808811795e+00,3.085143496787647738e-02,8.171741060713693106e-01,1.045921485080093527e+00,2.141603664861198020e+00,0.000000000000000000e+00
1.862096143506625623e+01,4.523913772970272973e+00,3.397781611747295205e+00,3.085143496787647738e-02,8.093461832036594750e-01,1.008869173023080101e+00,2.206275449347472772e+00,0.000000000000000000e+00
1.852313636575208022e+01,4.682107009178345436e+00,3.532926626685778615e+00,3.085143496787647738e-02,7.710607547609337198e-01,1.009483456413542424e+00,2.206275449347472772e+00,0.000000000000000000e+00
1.844527560944575484e+01,4.850691961295209076e+00,3.600499134155020098e+00,1.174520310905706987e-02,7.646701256662497004e-01,9.908111999496762579e-01,1.918333350204866505e+00,0.000000000000000000e+00
1.834902005682360837e+01,5.009498420889008763e+00,3.612049013189338353e+00,1.174520310905706987e-02,7.397408712004395204e-01,9.945844292724502766e-01,2.151775865648180019e+00,0.000000000000000000e+00
1.824582942717379552e+01,5.164476504259361000e+00,3.623598892223657053e+00,1.174520310905706987e-02,7.137601917635965076e-01,1.006525357277321620e+00,2.151775865648180019e+00,0.000000000000000000e+00
1.815482503358105149e+01,5.326484828271175864e+00,3.635148771257975309e+00,1.174520310905706987e-02,7.069746561063541268e-01,1.001477398183770129e+00,2.108267976479721639e+00,0.000000000000000000e+00
1.805368636262582882e+01,5.481749400445195874e+00,3.568790204333692540e+00,8.507387665742169661e-03,6.909070799170997645e-01,1.003743121900884994e+00,2.218150074048920395e+00,0.000000000000000000e+00
1.793443502771419773e+01,5.626063856776197802e+00,3.436073070485127445e+00,8.507387665742169661e-03,6.544044050829425085e-01,1.022181125087036069e+00,2.218150074048920395e+00,0.000000000000000000e+00
1.783099327022551606e+01,5.779521680284537943e+00,3.303355936636562351e+00,8.507387665742169661e-03,6.369728397174116985e-01,1.016575778837387478e+00,1.960714961072058893e+00,0.000000000000000000e+00
1.776148986441156552e+01,5.951991751152919896e+00,3.155891458019800311e+00,1.994210411605858158e-02,6.606078974189804054e-01,9.684958420375261445e-01,2.266361280163510461e+00,0.000000000000000000e+00
1.766097033692820162e+01,6.108140838488851365e+00,2.860962500786276230e+00,1.994210411605858158e-02,6.540178522918266291e-01,9.531050862562095993e-01,2.266361280163521119e+00,0.000000000000000000e+00
1.755579102037721029e+01,6.261796953011007361e+00,2.713498022169514190e+00,4.042302663900727844e-02,6.451946141910639421e-01,9.435407362390982877e-01,2.002229796591602717e+00,0.000000000000000000e+00
1.745555998174452839e+01,6.418130274851471029e+00,2.571166007389837915e+00,4.042302663900727844e-02,6.495311197256065094e-01,9.329680490477679777e-01,2.307875288719841933e+00,0.000000000000000000e+00
1.735262006449486449e+01,6.572934185448601418e+00,2.500000000000000000e+00,6.892637999161417561e-02,6.701358424845195172e-01,9.307858446221702886e-01,2.082454492672284996e+00,0.000000000000000000e+00
1.724615870266704576e+01,6.725110346376814263e+00,2.500000000000000000e+00,6.892637999161417561e-02,6.983548753379024143e-01,9.353705108442593730e-01,2.100329532009112210e+00,0.000000000000000000e+00
1.713132593800464321e+01,6.871579660684774993e+00,2.500000000000000000e+00,1.426055084747607782e-01,7.028210152477289974e-01,9.515250264100286737e-01,2.255910601997886289e+00,0.000000000000000000e+00
1.701512040804363934e+01,7.017340100209535692e+00,2.500000000000000000e+00,3.265835087496893885e-01,6.820037754633749838e-01,9.662569775721712162e-01,2.352575854257364263e+00,0.000000000000000000e+00
1.693725479303737202e+01,7.186157613515734788e+00,2.500000000000000000e+00,6.207875782585728919e-01,6.899375942066572343e-01,9.299702283694839533e-01,2.422262662218970686e+00,0.000000000000000000e+00
1.682891538666867248e+01,7.335542474116225620e+00,2.500000000000000000e+00,8.606002976692299633e-01,6.524823756156370447e-01,9.254481846374085219e-01,2.555384766846259481e+00,0.000000000000000000e+00
1.672047563220086275e+01,7.484828222033241829e+00,2.500000000000000000e+00,9.222544830411161243e-01,6.188931469035059418e-01,9.205047035700794078e-01,2.656012920902760310e+00,0.000000000000000000e+00
1.664711777689631589e+01,7.655169953231909297e+00,2.500000000000000000e+00,9.364111965654513536e-01,6.263812266053799815e-01,8.782088078926517660e-01,2.748827931161318183e+00,0.000000000000000000e+00
1.651720018072164820e+01,7.789261734557769934e+00,2.500000000000000000e+00,9.754826713530873050e-01,5.746361754499880181e-01,9.059788074158483528e-01,2.887494444220499279e+00,0.000000000000000000e+00
1.642249082986268149e+01,7.948036648160124784e+00,2.500000000000000000e+00,1.708445996003286504e+00,5.798488421324161646e-01,8.910782723140463490e-01,2.998921286481753601e+00,0.000000000000000000e+00
1.632203487528134644e+01,8.100638404860447395e+00,2.500000000000000000e+00,1.400412784900060048e+00,5.957660339462893528e-01,8.805920564575330234e-01,-3.010419598072444192e+00,0.000000000000000000e+00
1.617882702501125536e+01,8.223171962093406506e+00,1.800000000000000044e+00,3.411717989335990020e-01,5.849154619764236340e-01,9.071897263098734898e-01,-2.947511953535216556e+00,0.000000000000000000e+00
1.605238939687190225e+01,8.359987248817462913e+00,1.800000000000000044e+00,1.618319887258812484e+00,6.261889087490650763e-01,8.910189398726509058e-01,-2.652952718355573225e+00,0.000000000000000000e+00
1.595036544333893858e+01,8.514809268122677466e+00,1.800000000000000044e+00,1.215817567921696929e+00,7.250128693633632881e-01,8.299239229833677012e-01,-2.414595578455346114e+00,0.000000000000000000e+00
1.584240537800987170e+01,8.666627421917466378e+00,1.800000000000000044e+00,8.898348790869357039e-01,8.433963949690794770e-01,7.605159587135441601e-01,-2.228210131941128935e+00,0.000000000000000000e+00
1.569799666662634330e+01,8.782540077737568396e+00,1.800000000000000044e+00,7.309717667077632042e-01,9.374483544335314722e-01,7.292041887604084893e-01,-2.068805453037868780e+00,0.000000000000000000e+00
1.553289448715576171e+01,8.867917414258309705e+00,1.800000000000000044e+00,6.966574706561143859e-01,1.023200097958150590e+00,7.216904656756669700e-01,-1.954460281490606466e+00,0.000000000000000000e+00
1.535491203475849886e+01,8.920454517892487445e+00,1.800000000000000044e+00,7.214597017292874170e-01,1.098804417357882590e+00,7.332984064150837034e-01,-1.876225860794956457e+00,0.000000000000000000e+00
1.517253776378455932e+01,8.922154417600324905e+00,1.800000000000000044e+00,7.764190386497797913e-01,1.145151718293783594e+00,7.811747204037393644e-01,-1.793398199991007358e+00,0.000000000000000000e+00
1.498762133485906567e+01,8.904825837156742807e+00,1.800000000000000044e+00,8.564022058339997301e-01,1.198442209804534642e+00,8.283724791854483183e-01,-1.703272027253364129e+00,0.000000000000000000e+00
1.480913416264344029e+01,8.856994878003893845e+00,1.800000000000000044e+00,9.273645898208733307e-01,1.237272939318695419e+00,8.855054383002092244e-01,-1.561368667185483394e+00,0.000000000000000000e+00
1.465220626496561707e+01,8.756336967457443166e+00,1.800000000000000044e+00,9.197542329502111924e-01,1.241556851056849542e+00,9.790774589047904763e-01,-1.382378874646804645e+00,0.000000000000000000e+00
1.451926315983966198e+01,8.626769075691436583e+00,1.800000000000000044e+00,7.886510509594898410e-01,1.225889722123433279e+00,1.091645939345949667e+00,-1.229031914764677991e+00,0.000000000000000000e+00
1.440845814125847113e+01,8.477283414986047205e+00,1.800000000000000044e+00,6.137473335552430243e-01,1.197600392507739864e+00,1.220234482849475777e+00,-1.107165813864349868e+00,0.000000000000000000e+00
1.431956435301374064e+01,8.314154423886281009e+00,1.800000000000000044e+00,4.433797149587678232e-01,1.166448361908456022e+00,1.245689869827862228e+00,-1.016476822652957246e+00,0.000000000000000000e+00
1.425259475575420964e+01,8.140868451281390250e+00,1.800000000000000044e+00,2.967652549836063969e-01,1.125467161849614151e+00,1.122240374452064149e+00,-9.539886548439706626e-01,0.000000000000000000e+00
1.420915025015079003e+01,7.960274776434148158e+00,1.800000000000000044e+00,1.740389210865481706e-01,1.088153740881219411e+00,1.014961745818020455e+00,-9.164980141148671988e-01,0.000000000000000000e+00
1.419627509940365329e+01,7.774819677382677874e+00,1.800000000000000044e+00,6.772452500498779560e-02,1.037948902699751264e+00,9.323765093339092536e-01,-9.017091963131723675e-01,0.000000000000000000e+00
1.421610196688595806e+01,7.590005140888179902e+00,1.800000000000000044e+00,-2.785570743977647604e-02,9.843812943223555489e-01,8.781472080397919600e-01,-9.078050634687695464e-01,0.000000000000000000e+00
1.426502260755056284e+01,7.410691651844286909e+00,1.800000000000000044e+00,-1.061430885182496064e-01,9.279503313236476814e-01,8.502733779422209093e-01,-9.308767740676886504e-01,0.000000000000000000e+00
1.433708418455789868e+01,7.239365766748311337e+00,1.800000000000000044e+00,-1.857247801769087991e-01,8.730074648305525820e-01,8.419210428308425698e-01,-9.706660142240777223e-01,0.000000000000000000e+00
1.442610202588649848e+01,7.076207979662660463e+00,1.800000000000000044e+00,-2.775596568629652428e-01,8.302905850516045794e-01,8.450024926667377700e-01,-1.028888459636393415e+00,0.000000000000000000e+00
1.452689063445988538e+01,6.920050805686041251e+00,1.800000000000000044e+00,-3.854264043495730374e-01,8.022613836806664622e-01,8.579515145125001796e-01,-1.107701665497474064e+00,0.000000000000000000e+00
1.463542766673711704e+01,6.769179545231186701e+00,1.800000000000000044e+00,-5.092809768020108985e-01,7.904530429002131209e-01,8.803650003390678380e-01,-1.209142491046796053e+00,0.000000000000000000e+00
1.474858927377624518e+01,6.621748711646931795e+00,1.800000000000000044e+00,-6.404296097613232375e-01,7.984503259120852015e-01,9.083153725524598654e-01,-1.334012713353554869e+00,0.000000000000000000e+00
1.486378159455386871e+01,6.475900588533691327e+00,1.800000000000000044e+00,-7.563731350658203789e-01,8.229308090567101219e-01,9.434528697729495095e-01,-1.480225437408420053e+00,0.000000000000000000e+00
1.497874723132346908e+01,6.329874985092290629e+00,1.800000000000000044e+00,-8.153329991139153243e-01,8.609333723939015526e-01,9.829233113662710908e-01,-1.599553409705690488e+00,0.000000000000000000e+00
1.509153666267269145e+01,6.182160613445830677e+00,1.800000000000000044e+00,-7.932227980986397142e-01,9.086928937799164663e-01,1.022009309692911039e+00,-1.679235544045978523e+00,0.000000000000000000e+00
1.520032004297176442e+01,6.031469312995819898e+00,1.800000000000000044e+00,-7.428034608172443543e-01,9.585258540791293802e-01,1.059177937622934440e+00,-1.755655034845507556e+00,0.000000000000000000e+00
1.530291526703444127e+01,5.876495283533614611e+00,1.800000000000000044e+00,-6.928702470587921880e-01,9.993506341899208723e-01,1.067601828964636512e+00,-1.861398098529934542e+00,0.000000000000000000e+00
1.539661713523234354e+01,5.715983932005048729e+00,1.800000000000000044e+00,-6.314652568425096479e-01,1.030053994201872491e+00,1.054104545265955428e+00,-1.994007559115277273e+00,0.000000000000000000e+00
1.547802406008108456e+01,5.548897910128568256e+00,1.800000000000000044e+00,-6.185158857098235208e-01,1.062254929502103762e+00,1.041227287954617609e+00,-2.125299472030660830e+00,0.000000000000000000e+00
1.554295191445051394e+01,5.374743599380331638e+00,1.800000000000000044e+00,-6.512760517802441695e-01,1.106736174091917269e+00,1.030578819484633701e+00,-2.262580603897495823e+00,0.000000000000000000e+00
1.558670906089160724e+01,5.194108853215217536e+00,1.800000000000000044e+00,-7.312376780325210435e-01,1.171000950747468350e+00,1.016902674089320335e+00,-2.413786183593366275e+00,0.000000000000000000e+00
1.560488333688500973e+01,5.009122845120659306e+00,1.800000000000000044e+00,-8.538183622228626701e-01,1.259469689535687831e+00,1.008520468933026937e+00,-2.585493566977730584e+00,0.000000000000000000e+00
1.559511532660136801e+01,4.823576791205241854e+00,1.800000000000000044e+00,-8.635652297455936877e-01,1.372264947464600482e+00,9.927253305823938723e-01,-2.754936168298287580e+00,0.000000000000000000e+00
1.555927577989275790e+01,4.641313443902416402e+00,1.800000000000000044e+00,-6.955037210222455579e-01,1.505734174917839896e+00,9.828548784760141599e-01,-2.892012695526962496e+00,0.000000000000000000e+00
1.550094997604862002e+01,4.464860238431422879e+00,1.800000000000000044e+00,-5.053556474392520981e-01,1.399000812720025300e+00,9.763747658674551966e-01,-2.973800802664429366e+00,0.000000000000000000e+00
1.542244330880691194e+01,4.296352697525771092e+00,1.800000000000000044e+00,-4.156601057389779363e-01,1.246653453110671883e+00,9.752076323606044816e-01,-3.015865953050818504e+00,0.000000000000000000e+00
1.532506898484960622e+01,4.138017416329596188e+00,1.800000000000000044e+00,-3.317336563658387916e-01,1.109517377687949002e+00,9.776753138561657952e-01,-3.049013369441424537e+00,0.000000000000000000e+00
1.520936080552756486e+01,3.992539083623594109e+00,1.800000000000000044e+00,-2.534552655885990990e-01,9.908195583701877585e-01,9.842199826318382971e-01,-3.074631536024731826e+00,0.000000000000000000e+00
1.507540644175350053e+01,3.863645723166352131e+00,1.800000000000000044e+00,-1.798837982051363638e-01,8.945778132381601022e-01,9.822318040649566928e-01,-3.092965501058662081e+00,0.000000000000000000e+00
1.492346885575267734e+01,3.756604578999153343e+00,1.800000000000000044e+00,-1.095869925794829558e-01,8.228326245278665407e-01,9.705971679559783905e-01,-3.104170897770048843e+00,0.000000000000000000e+00
1.475598488695833588e+01,3.675964564576766680e+00,1.800000000000000044e+00,-4.083929802188920183e-02,7.742775930849613575e-01,9.441654811545210357e-01,-3.108288843780245614e+00,0.000000000000000000e+00
1.457873023363647569e+01,3.620042192456361718e+00,1.800000000000000044e+00,2.827571199782957095e-02,7.449255689243601264e-01,9.051582411305525433e-01,-3.105227916179551961e+00,0.000000000000000000e+00
1.439639315573022316e+01,3.584014038916347289e+00,1.800000000000000044e+00,9.981968473865952818e-02,7.314192800936026861e-01,8.599525642238811107e-01,-3.094750535990115736e+00,0.000000000000000000e+00
1.421181475995844501e+01,3.562484344677955050e+00,1.800000000000000044e+00,1.736012736934521017e-01,7.303371781235151738e-01,8.154673350326653303e-01,-3.065107361948370190e+00,0.000000000000000000e+00
1.402636388685352564e+01,3.550409539087106214e+00,1.800000000000000044e+00,2.607585110935801698e-01,7.387908444395308027e-01,7.769558410896885148e-01,-3.013946432923677143e+00,0.000000000000000000e+00
1.384065186809909775e+01,3.543249488909937295e+00,1.800000000000000044e+00,2.477464156670325379e-01,7.517213056365648072e-01,7.486721874818614841e-01,-2.966131817264445303e+00,0.000000000000000000e+00
1.365491636946354070e+01,3.536706817513319390e+00,1.800000000000000044e+00,2.149165553275995122e-01,7.679592314970283828e-01,7.372402141304000844e-01,-2.924855453394859861e+00,0.000000000000000000e+00
1.346936143931808871e+01,3.526330076176642958e+00,1.800000000000000044e+00,1.719497576315658915e-01,7.854182887546677927e-01,7.462299205378510880e-01,-2.891568779641198184e+00,0.000000000000000000e+00
1.328443230286553245e+01,3.507822154142555160e+00,1.800000000000000044e+00,1.241330898566587460e-01,7.978682174429090335e-01,7.696273577060058768e-01,-2.867061307992107899e+00,0.000000000000000000e+00
1.310060946042553987e+01,3.480429172447654818e+00,1.800000000000000044e+00,7.660385552448806257e-02,8.018088387026462982e-01,7.960069189470978523e-01,-2.854346187640928623e+00,0.000000000000000000e+00
1.291816375094186498e+01,3.445011154526029351e+00,1.800000000000000044e+00,5.426315207324581419e-02,7.989981454852738141e-01,7.957247248723332556e-01,-2.854131691293254391e+00,0.000000000000000000e+00
1.273716052230887463e+01,3.402836804081870614e+00,1.800000000000000044e+00,3.338974612779607026e-02,7.889097924154649943e-01,7.757715394721439450e-01,-2.851326981717106079e+00,0.000000000000000000e+00
1.255746476378395471e+01,3.355400257406998321e+00,1.800000000000000044e+00,1.407944550126001906e-02,7.713009745763311775e-01,7.461386274911535610e-01,-2.850390632044933259e+00,0.000000000000000000e+00
1.237879190549818276e+01,3.304245764646870587e+00,1.800000000000000044e+00,-8.012493511329099594e-03,7.460678362116642814e-01,7.198293797811931016e-01,-2.850126607828431080e+00,0.000000000000000000e+00
1.220078674336404667e+01,3.250815689954723364e+00,1.800000000000000044e+00,-4.077807184425532444e-02,7.150999841131316925e-01,7.050104974782979150e-01,-2.852272986318973746e+00,0.000000000000000000e+00
1.202308940888942423e+01,3.196370724565005261e+00,1.800000000000000044e+00,-8.439485042751612709e-02,6.829301929918765168e-01,7.006280773263280359e-01,-2.860012287268956843e+00,0.000000000000000000e+00
1.184536381693691176e+01,3.142018180213367096e+00,1.800000000000000044e+00,-1.328566262687347066e-01,6.540055260449859631e-01,7.032793590914188098e-01,-2.873600261590456117e+00,0.000000000000000000e+00
1.166702937506269677e+01,3.089703699385902613e+00,1.800000000000000044e+00,-1.848683546707511616e-01,6.280302040129561725e-01,7.157077158281484053e-01,-2.893407834245080412e+00,0.000000000000000000e+00
1.148739190045529668e+01,3.042069751676893752e+00,1.800000000000000044e+00,-2.437842766617602519e-01,6.150984868615019252e-01,7.396189196458217152e-01,-2.920107703889773365e+00,0.000000000000000000e+00
1.130589161891425221e+01,3.002151037710042658e+00,1.800000000000000044e+00,-3.136560834426249111e-01,6.180651061177999672e-01,7.801993238880294834e-01,-2.954717220715394888e+00,0.000000000000000000e+00
1.112221105303638780e+01,2.974032935396413002e+00,1.800000000000000044e+00,-3.993775206032693648e-01,6.408994366729739989e-01,8.312126429427281193e-01,-2.998664122697807244e+00,0.000000000000000000e+00
1.093672052285830176e+01,2.963846439763204277e+00,1.800000000000000044e+00,-5.069678534286689020e-01,6.903666486065620500e-01,9.016415815322098570e-01,-3.053867422886376026e+00,0.000000000000000000e+00
1.075168384711259506e+01,2.981290100367428586e+00,1.800000000000000044e+00,-6.435712163304700972e-01,7.679007659345453707e-01,9.744157304973340983e-01,3.119429821302154515e+00,0.000000000000000000e+00
1.057548882628103293e+01,3.040387896938592682e+00,1.800000000000000044e+00,-1.031358578281344140e+00,8.822224763025363625e-01,1.032198385865767509e+00,2.921170637968962591e+00,0.000000000000000000e+00
1.042708379955066711e+01,3.152079939051795510e+00,1.800000000000000044e+00,-1.553462789344119743e+00,1.030802741719574867e+00,1.063557342702111441e+00,2.644579178887673354e+00,0.000000000000000000e+00
1.032137667649938528e+01,3.304949050246695830e+00,1.800000000000000044e+00,-1.875459516697195905e+00,1.041416309479508806e+00,1.067870310916207321e+00,2.316845126617554484e+00,0.000000000000000000e+00
1.025279823461937667e+01,3.477742380511740894e+00,1.800000000000000044e+00,-1.182676152582327722e+00,9.387664408744090805e-01,1.062379454844861959e+00,2.042140139263404208e+00,0.000000000000000000e+00
1.021170823732992616e+01,3.658884343692575758e+00,1.800000000000000044e+00,-9.806087201711711776e-01,8.552115121064701730e-01,1.060656874895790081e+00,1.883984593415128916e+00,0.000000000000000000e+00
1.019717546523828666e+01,3.844090850663343328e+00,1.800000000000000044e+00,-8.357369055268006885e-01,7.977485865025052414e-01,1.055440284970319498e+00,1.794665493775298604e+00,0.000000000000000000e+00
1.020553786630140003e+01,4.029686467315491072e+00,1.800000000000000044e+00,-7.371161248580335723e-01,7.659717441248266034e-01,1.059362436784879735e+00,1.713596961270402286e+00,0.000000000000000000e+00
1.023572906818014161e+01,4.212992296100698475e+00,1.800000000000000044e+00,-6.754899270642812370e-01,7.640793648590870069e-01,1.073836811168116245e+00,1.637799787316519540e+00,0.000000000000000000e+00
1.028875647218151990e+01,4.391017945308318460e+00,1.800000000000000044e+00,-6.445611067945411499e-01,7.908717200483501575e-01,1.091130245350884431e+00,1.564662008287099670e+00,0.000000000000000000e+00
1.037364996601925959e+01,4.556233161456715308e+00,1.800000000000000044e+00,-6.410103221444548582e-01,8.525643120713795042e-01,1.097161347128607911e+00,1.491772448068125145e+00,0.000000000000000000e+00
1.049318729634028280e+01,4.698545675480633399e+00,1.800000000000000044e+00,-6.642896514406023689e-01,9.470639098803158573e-01,1.082749593440834657e+00,1.416752673907392346e+00,0.000000000000000000e+00
1.063958544419583774e+01,4.813060405701668820e+00,1.800000000000000044e+00,-7.165247970408311629e-01,9.398830242337721241e-01,1.050002295806419461e+00,1.337092907878482784e+00,0.000000000000000000e+00
1.080209381412878855e+01,4.903282858071770889e+00,1.800000000000000044e+00,-8.025343993030249479e-01,9.097744907880580545e-01,1.002271184539011983e+00,1.249996169556640835e+00,0.000000000000000000e+00
1.097290969324290089e+01,4.976542849905301047e+00,1.800000000000000044e+00,-1.085786351076796663e+00,9.064414678415549931e-01,9.496277237228375467e-01,1.097458504525974599e+00,0.000000000000000000e+00
1.114747218542397178e+01,5.040344394876131062e+00,1.800000000000000044e+00,-1.210807525473974744e+00,9.176445089661505738e-01,9.062048032404238507e-01,8.630741483271808789e-01,0.000000000000000000e+00
1.132304569244373660e+01,5.101286828352155744e+00,1.800000000000000044e+00,-9.821339645581156352e-01,9.424508013191040812e-01,8.799538164004409024e-01,6.527132030742600621e-01,0.000000000000000000e+00
1.149776424692673871e+01,5.164632906711224436e+00,1.800000000000000044e+00,-6.612976610224932106e-01,9.755919661897146655e-01,8.753226640935438674e-01,4.952487745978921274e-01,0.000000000000000000e+00
1.166970161385323479e+01,5.235137742264421412e+00,1.800000000000000044e+00,-3.714446818883365142e-01,1.011342962947726187e+00,8.951369615579829464e-01,3.937705212549817979e-01,0.000000000000000000e+00
1.183579419410702371e+01,5.318540559152424407e+00,1.800000000000000044e+00,-1.360182225716765614e-01,1.042065317605579855e+00,9.415383505728689428e-01,3.424105454835531526e-01,0.000000000000000000e+00
1.199338643941946714e+01,5.417123773911510121e+00,1.800000000000000044e+00,-3.337290065723751142e-02,1.064075802517197022e+00,9.958197663747583306e-01,3.317945016538429992e-01,0.000000000000000000e+00
1.213970244110981156e+01,5.531771022304937446e+00,1.800000000000000044e+00,6.341347459242081819e-02,1.075581469173258808e+00,1.052442565654413187e+00,3.385855061315506953e-01,0.000000000000000000e+00
1.227080612010895422e+01,5.663552302741593714e+00,1.800000000000000044e+00,1.572380144703965921e-01,1.074866276269079490e+00,1.133890869129063894e+00,3.555295653462757222e-01,0.000000000000000000e+00
1.238108409503470675e+01,5.813191847943315338e+00,1.800000000000000044e+00,2.504433541647922423e-01,1.060490686718604136e+00,1.184084651083278761e+00,3.826138807516697993e-01,0.000000000000000000e+00
1.246322790933774805e+01,5.979953856028386028e+00,1.800000000000000044e+00,4.280768512465288889e-01,1.032078233515719035e+00,1.037164262403570847e+00,4.436680198177215262e-01,0.000000000000000000e+00
1.250978240182097778e+01,6.159901906636735092e+00,1.800000000000000044e+00,5.251033974252354852e-01,9.923758119714439774e-01,9.167898158230846084e-01,5.492902240467016917e-01,0.000000000000000000e+00
1.251844254104749510e+01,6.345353058353130571e+00,1.800000000000000044e+00,6.145585021157796701e-01,9.413029891523702064e-01,8.311435618118809820e-01,6.706781496802283193e-01,0.000000000000000000e+00
1.249512437276570331e+01,6.529606081033778153e+00,1.800000000000000044e+00,7.475392121391286615e-01,8.934072467569845744e-01,7.768497339839269822e-01,8.126406483065490294e-01,0.000000000000000000e+00
1.244541100670972256e+01,6.708589098834750963e+00,1.800000000000000044e+00,9.177401713431860841e-01,8.545489364795476606e-01,7.543051065233734587e-01,9.819208389628032441e-01,0.000000000000000000e+00
1.237313567443438522e+01,6.879728207756093283e+00,1.800000000000000044e+00,1.088562628162425439e+00,8.262834271819455845e-01,7.584392703258689972e-01,1.182476365472211466e+00,0.000000000000000000e+00
1.228052222376439850e+01,7.040890455089627409e+00,1.800000000000000044e+00,1.119050713538535913e+00,8.167275507710034521e-01,7.913006516901450738e-01,1.407732575707797418e+00,0.000000000000000000e+00
1.216847993136151196e+01,7.189652570936700293e+00,1.800000000000000044e+00,1.028738974588499611e+00,8.263977344500438305e-01,8.521537644423989866e-01,1.570859116820617851e+00,0.000000000000000000e+00
1.203739579098043144e+01,7.321616456051757815e+00,1.800000000000000044e+00,9.217185006878763076e-01,8.522303485963951264e-01,9.353238181626505332e-01,1.668355516034988106e+00,0.000000000000000000e+00
1.188713586751745588e+01,7.431114907251152424e+00,1.800000000000000044e+00,8.304365401642705979e-01,8.850704184173029399e-01,1.043052701023737816e+00,1.756082228640251097e+00,0.000000000000000000e+00
1.171841368719019272e+01,7.509210144089939476e+00,1.800000000000000044e+00,7.589184325625270011e-01,9.169150617198732478e-01,1.175265717478623406e+00,1.836019060978813844e+00,0.000000000000000000e+00
1.153717381816567311e+01,7.549199447928326201e+00,1.800000000000000044e+00,7.065858411305110387e-01,9.457698022655808279e-01,1.212145175570047639e+00,1.910029759361202117e+00,0.000000000000000000e+00
1.135034124701082270e+01,7.558666052178613093e+00,1.800000000000000044e+00,6.723004124967260076e-01,9.712231563500400844e-01,1.121316910010149437e+00,1.979819284232425813e+00,0.000000000000000000e+00
1.118499349989618352e+01,7.478014642315685023e+00,1.800000000000000044e+00,6.550721485076786976e-01,9.291754165566998847e-01,1.126531330655550889e+00,2.055890193023628409e+00,0.000000000000000000e+00
1.102325772274092763e+01,7.384045284639701556e+00,1.800000000000000044e+00,6.705365551384520062e-01,8.896259608448602307e-01,1.149557617705725843e+00,2.170000723357213612e+00,0.000000000000000000e+00
1.085972660822757341e+01,7.296691141606944875e+00,1.800000000000000044e+00,7.574638980367068841e-01,8.634418563499340893e-01,1.169708487748036374e+00,2.365450811135220821e+00,0.000000000000000000e+00
1.069688923386568113e+01,7.206780799324037368e+00,1.800000000000000044e+00,9.297280681619740639e-01,8.413767643516195660e-01,1.192110757388877618e+00,2.598783176340532908e+00,0.000000000000000000e+00
1.053382049099384687e+01,7.117722972223332611e+00,1.800000000000000044e+00,1.141634988768598147e+00,8.234255017790967912e-01,1.205671815355807253e+00,2.821483872047468200e+00,0.000000000000000000e+00
1.037082051747990974e+01,7.028411753156294850e+00,1.800000000000000044e+00,1.095634307567840304e+00,8.020440684643712626e-01,1.205031904372797946e+00,3.030624078216311634e+00,0.000000000000000000e+00
1.020780237644519595e+01,6.939167475296128096e+00,1.800000000000000044e+00,8.824800769534911771e-01,7.826056134346527360e-01,1.195577110446477187e+00,-2.872568603784442676e+00,0.000000000000000000e+00
1.004478831088337110e+01,6.849908180688383474e+00,1.800000000000000044e+00,6.563628777868023567e-01,7.600063359208092395e-01,1.182266621883372615e+00,-2.640640255613871723e+00,0.000000000000000000e+00
9.881773603827804564e+00,6.760651249769403570e+00,1.800000000000000044e+00,5.566504392883558916e-01,7.351887867038613411e-01,1.167577413696433419e+00,-2.640640255613871723e+00,0.000000000000000000e+00
9.718758874361522970e+00,6.671394401426408827e+00,1.800000000000000044e+00,4.685923572075356147e-01,7.107647084006981641e-01,1.151297383518198769e+00,-2.640640255613868170e+00,0.000000000000000000e+00
9.555744221856745213e+00,6.582137269506135979e+00,1.800000000000000044e+00,8.326523166540139576e-01,6.931570036574777882e-01,1.133711410820665622e+00,-2.640640255613871723e+00,0.000000000000000000e+00
9.392729526816854246e+00,6.492880294313460254e+00,1.800000000000000044e+00,1.268269511021587748e-01,6.855191230529417146e-01,1.115152000931501464e+00,-2.640640255613868170e+00,0.000000000000000000e+00
9.229714848967269347e+00,6.403623255780256152e+00,1.800000000000000044e+00,1.268269511021587748e-01,6.931506308095499724e-01,1.095513530872918251e+00,-2.640640255613871723e+00,0.000000000000000000e+00
9.066700165211363682e+00,6.314366239009906678e+00,1.800000000000000044e+00,6.159682958854383744e-02,7.212782364864148699e-01,1.074381316249282792e+00,-2.640640255613867726e+00,0.000000000000000000e+00
8.903685483257012478e+00,6.225109215601424495e+00,2.292123149753348077e+00,6.159682958854383744e-02,7.699799448695868742e-01,1.051320649664652107e+00,-2.640640255613872167e+00,0.000000000000000000e+00
8.740670800812521790e+00,6.135852193998909243e+00,2.784246299506696332e+00,6.159682958854383744e-02,8.378858830003571567e-01,1.025874879802746831e+00,-2.640640255613867726e+00,0.000000000000000000e+00
8.577656118483170999e+00,6.046595171972160010e+00,2.943731694153084000e+00,6.963208264392142799e-02,9.228609966521974517e-01,9.975580376742058109e-01,-2.640640255613871723e+00,0.000000000000000000e+00
8.414641436133372565e+00,5.957338150020769163e+00,3.262702483445859780e+00,6.963208264392142799e-02,1.021585201840008450e+00,9.661830169284248981e-01,-2.640640255613868170e+00,0.000000000000000000e+00
8.251626753784353951e+00,5.868081128066491736e+00,3.581673272738635561e+00,6.963208264392142799e-02,1.130272057823650700e+00,9.333193703178920275e-01,-2.640640255613871723e+00,0.000000000000000000e+00
8.088612071436900308e+00,5.778824106106424274e+00,3.741158667385023229e+00,5.233378894666493308e-02,1.245798500431673173e+00,9.011798603967335897e-01,-2.640640255613871723e+00,0.000000000000000000e+00
7.925597389088459899e+00,5.689567084150018772e+00,4.018645550220945495e+00,5.233378894666493308e-02,1.365571251393411512e+00,8.711882801144412714e-01,-2.640640255613868170e+00,0.000000000000000000e+00
7.762582706740442262e+00,5.600310062192057181e+00,4.296132433056866873e+00,5.233378894666493308e-02,1.485724288611687705e+00,8.420621313329057500e-01,-2.640640255613871723e+00,0.000000000000000000e+00
7.599568024392268306e+00,5.511053040234644484e+00,4.573619315892789139e+00,5.233378894666493308e-02,1.515464652639068488e+00,8.171570693307592670e-01,-2.640640255613864174e+00,0.000000000000000000e+00
7.436553342044147641e+00,5.421796018277060369e+00,4.712362757310749828e+00,2.943421433173386281e-02,1.514686258035708777e+00,7.968247106620848230e-01,-2.640640255613871723e+00,0.000000000000000000e+00
7.273538659696014541e+00,5.332538996319526881e+00,4.936361490446139477e+00,2.943421433173386281e-02,1.516195600537960209e+00,7.769441903902953861e-01,-2.640640255613868170e+00,0.000000000000000000e+00
7.110523977347883218e+00,5.243281974361980069e+00,5.160360223581528238e+00,2.943421433173386281e-02,1.522188846799521711e+00,7.570520227046126926e-01,-2.640640255613871723e+00,0.000000000000000000e+00
6.947509294999745677e+00,5.154024952404433257e+00,5.384358956716917888e+00,2.943421433173386281e-02,1.534542760735001732e+00,7.340004768809146318e-01,-2.640640255613871723e+00,0.000000000000000000e+00
6.784494612651614354e+00,5.064767930446888222e+00,5.608357689852307537e+00,2.943421433173386281e-02,1.553872427861129113e+00,7.063628625975342246e-01,-2.640640255613868170e+00,0.000000000000000000e+00
6.621479930303483030e+00,4.975510908489344075e+00,5.720357056420001918e+00,1.302040186163383982e-02,1.576570959007107531e+00,6.791445823937621862e-01,-2.640640255613869947e+00,0.000000000000000000e+00
6.458465247955346378e+00,4.886253886531796375e+00,5.882073747658238538e+00,1.302040186163383982e-02,1.604063109467158244e+00,6.576913309279863729e-01,-2.640640255613871723e+00,0.000000000000000000e+00
6.295450565607215943e+00,4.796996864574251340e+00,6.043790438896475159e+00,1.302040186163383982e-02,1.632035605108570708e+00,6.361126308303126642e-01,-2.640640255613868170e+00,0.000000000000000000e+00
6.132435883259083731e+00,4.707739842616707193e+00,6.205507130134712668e+00,1.302040186163383982e-02,1.659815008613629850e+00,6.002836926487284952e-01,-2.640640255613871723e+00,0.000000000000000000e+00
5.969421200910953296e+00,4.618482820659163046e+00,6.367223821372949288e+00,1.302040186163383982e-02,1.683666214250570725e+00,5.454710460508231940e-01,-2.640640255613869947e+00,0.000000000000000000e+00
5.806406518562816643e+00,4.529225798701615346e+00,6.528940512611185909e+00,1.302040186163383982e-02,1.703831072292509408e+00,4.938145602142941515e-01,-2.640640255613868170e+00,0.000000000000000000e+00
5.643391836214685320e+00,4.439968776744071199e+00,6.568332159582598528e+00,5.561757611066846067e-03,1.723667643263741445e+00,4.567027766675740841e-01,-2.640640255613871723e+00,0.000000000000000000e+00
5.480377153866553996e+00,4.350711754786527052e+00,6.647115453525424655e+00,5.561757611066846067e-03,1.743528975749118581e+00,4.400549973232746881e-01,-2.640640255613871723e+00,0.000000000000000000e+00
5.317362471518416456e+00,4.261454732828980241e+00,6.725898747468249894e+00,5.561757611066846067e-03,1.767055682629431024e+00,4.348924538016409325e-01,-2.640640255613865950e+00,0.000000000000000000e+00
5.154347789170285132e+00,4.172197710871434317e+00,6.804682041411075133e+00,5.561757611066846067e-03,1.793885191916381405e+00,4.519497413169215050e-01,-2.640640255613868170e+00,0.000000000000000000e+00
4.991333106822154697e+00,4.082940688913891059e+00,6.883465335353901260e+00,5.561757611066846067e-03,1.826493182075723976e+00,4.764604863809016044e-01,-2.640640255613875720e+00,0.000000000000000000e+00
4.828318424474023374e+00,3.993683666956346467e+00,6.962248629296726499e+00,5.561757611066846067e-03,1.863240374826348855e+00,5.144827430258446244e-01,-2.640640255613868170e+00,0.000000000000000000e+00
4.665303742125885833e+00,3.904426644998798324e+00,6.966137967594251634e+00,3.555503089085367777e-03,1.904624094156264880e+00,5.510671619394739151e-01,-2.640640255613865950e+00,0.000000000000000000e+00
4.502289059777754510e+00,3.815169623041254177e+00,6.973916644189301905e+00,3.555503089085367777e-03,1.949076340987781819e+00,5.714137450908205462e-01,-2.640640255613871723e+00,0.000000000000000000e+00
4.339274377429624074e+00,3.725912601083710474e+00,6.981695320784352177e+00,3.555503089085367777e-03,1.994659599775267855e+00,5.679574254851873505e-01,-2.640640255613871723e+00,0.000000000000000000e+00
4.176259695081486534e+00,3.636655579126162330e+00,6.989473997379402448e+00,3.555503089085367777e-03,2.037691335524926650e+00,5.558973619514189224e-01,-2.640640255613869947e+00,0.000000000000000000e+00
4.013245012733355210e+00,3.547398557168618183e+00,6.997252673974452719e+00,3.555503089085367777e-03,2.072833553204435297e+00,5.443512117161640740e-01,-2.640640255613867726e+00,0.000000000000000000e+00
3.850230330385223887e+00,3.458141535211074036e+00,7.005031350569502990e+00,3.555503089085367777e-03,2.085022129434002558e+00,5.347123094239645269e-01,-2.640640255613869947e+00,0.000000000000000000e+00
3.687215648037092119e+00,3.368884513253529445e+00,7.008920688867028126e+00,-6.950069700321201329e-04,2.040193268980425856e+00,5.298996625740725053e-01,-2.640640255613869947e+00,0.000000000000000000e+00
3.524200965688955467e+00,3.279627491295981301e+00,6.940362027259886268e+00,-6.950069700321201329e-04,1.967762336640695553e+00,5.273413816653886865e-01,-2.640640255613871723e+00,0.000000000000000000e+00
3.361186283340823699e+00,3.190370469338439818e+00,6.871803365652744411e+00,-6.950069700321201329e-04,1.891251217722179190e+00,5.245440928475871845e-01,-2.640640255613869947e+00,0.000000000000000000e+00
3.198171600992699481e+00,3.101113447380887234e+00,6.803244704045602553e+00,-6.950069700321201329e-04,1.814962715796738291e+00,5.206460303761230035e-01,-2.640640255613868170e+00,0.000000000000000000e+00
3.035156918644541069e+00,3.011856425423364403e+00,6.734686042438460696e+00,-6.950069700321201329e-04,1.739946648304936172e+00,5.153284588587773163e-01,-2.640640255613871723e+00,0.000000000000000000e+00
2.872142236296467477e+00,2.922599403465750534e+00,6.666127380831318838e+00,-6.950069700321201329e-04,1.669160982357728029e+00,5.088272751581115472e-01,-2.640640255613868170e+00,0.000000000000000000e+00
2.709127553948202927e+00,2.833342381508366703e+00,6.631848050027747909e+00,-5.563891402344783854e-03,1.600588747736278572e+00,5.035187623133424717e-01,-2.640640255613871723e+00,0.000000000000000000e+00
2.546112871600270111e+00,2.744085359550582748e+00,6.475796605492781133e+00,-5.563891402344783854e-03,1.535295124195660499e+00,5.027893026573676538e-01,-2.640640255613871723e+00,0.000000000000000000e+00
2.383098189252308430e+00,2.654828337592821441e+00,6.319745160957814356e+00,-5.563891402344783854e-03,1.470295415322260046e+00,5.101859646767211709e-01,-2.640640255613864174e+00,0.000000000000000000e+00
2.220083506901154191e+00,2.565571315638945915e+00,6.163693716422847579e+00,-5.563891402344783854e-03,1.405290590192189493e+00,5.243136182947865098e-01,-2.640640255613871723e+00,0.000000000000000000e+00
2.057068824569439069e+00,2.476314293661474153e+00,6.007642271887880803e+00,-5.563891402344783854e-03,1.337418399305926320e+00,5.547490923165312449e-01,-2.640640255613871723e+00,0.000000000000000000e+00
1.894054142152438613e+00,2.387057271787520030e+00,5.851590827352914026e+00,-5.563891402344783854e-03,1.263732137822350499e+00,5.935620821599532082e-01,-2.640640255613868170e+00,0.000000000000000000e+00
1.731039460055065149e+00,2.297800249525577154e+00,5.730585716880514546e+00,3.588997935063093815e-03,1.179995694424767150e+00,6.443380944687072676e-01,-2.640640255613871723e+00,0.000000000000000000e+00
1.568024776891509653e+00,2.208543228557894089e+00,5.488575495935716475e+00,3.588997935063093815e-03,1.094841919167516275e+00,6.962753731318326311e-01,-2.640640255613868170e+00,0.000000000000000000e+00
1.405010096894171445e+00,2.119286203746675756e+00,5.246565274990918404e+00,3.588997935063093815e-03,1.010247094054692374e+00,7.502430056188145180e-01,-2.640640255613871723e+00,0.000000000000000000e+00
1.241995408818301394e+00,2.030029188742133783e+00,5.004555054046119444e+00,3.588997935063093815e-03,9.331024746480377496e-01,8.068111314107399012e-01,-2.640640255613871723e+00,0.000000000000000000e+00
1.078980736421157882e+00,1.940772154704891728e+00,4.762544833101321373e+00,3.588997935063093815e-03,8.637394723878990543e-01,8.658384858086957125e-01,-2.640640255613864174e+00,0.000000000000000000e+00
9.159660536007238063e-01,1.851515133320685180e+00,4.588077695722000193e+00,2.913903004627804716e-02,8.020916074582088440e-01,9.346150502510872649e-01,-2.640640255613871723e+00,0.000000000000000000e+00
7.529512746641323639e-01,1.762258228613742261e+00,4.239143420963356945e+00,2.913903004627804716e-02,7.518155807290516357e-01,1.012705011732422999e+00,-2.640640255613871723e+00,0.000000000000000000e+00
5.899371764582483912e-01,1.673000497554548049e+00,3.890209146204713697e+00,2.913903004627804716e-02,7.135285019742518831e-01,1.096024823959220518e+00,-2.640640255613868170e+00,0.000000000000000000e+00
4.269199346958038044e-01,1.583746582519883983e+00,3.541274871446070893e+00,2.913903004627804716e-02,6.871853823269628014e-01,1.141092004335779286e+00,-2.640640255613871723e+00,0.000000000000000000e+00
2.639148431348054546e-01,1.494477918119064386e+00,3.280956153584553281e+00,5.843534813647617565e-02,6.713428019250001766e-01,1.099919323111583802e+00,-2.640640255613868170e+00,0.000000000000000000e+00
1.008681568489168678e-01,1.405259746364811102e+00,2.760318717861517612e+00,5.843534813647617565e-02,6.603081694542800584e-01,1.028262863537253491e+00,-2.640640255613871723e+00,0.000000000000000000e+00
-6.205141816452799247e-02,1.315887271761528865e+00,2.500000000000000000e+00,8.633040506348600707e-02,6.593090678972903795e-01,9.450780207638290742e-01,-2.640640255613871723e+00,0.000000000000000000e+00
-2.253089705523385056e-01,1.226925074474909616e+00,2.500000000000000000e+00,8.633040506348600707e-02,6.716441015499173828e-01,8.679171882477708655e-01,-2.640640255613864174e+00,0.000000000000000000e+00
-3.878522922724020328e-01,1.137095858671457238e+00,2.500000000000000000e+00,1.454449008674616739e-01,7.000451193658085991e-01,7.992022484741362343e-01,-2.640640255613871723e+00,0.000000000000000000e+00
-5.511734902518088397e-01,1.048210922007939860e+00,2.500000000000000000e+00,4.600401100496985807e-01,7.528199921147498141e-01,7.385721030701981604e-01,-2.640640255613866838e+00,0.000000000000000000e+00
-7.170976846517703729e-01,9.624858133912401748e-01,2.500000000000000000e+00,1.244844572873033295e+00,8.393726688036174943e-01,6.718090748444736082e-01,-2.145868848546805374e+00,0.000000000000000000e+00
-8.267436207785937574e-01,8.135233562292329967e-01,2.500000000000000000e+00,1.423697044875613216e+00,8.789100601346765407e-01,6.723195569029720708e-01,-1.864118484183000524e+00,0.000000000000000000e+00
-8.931152557005487269e-01,6.404203932683307787e-01,2.500000000000000000e+00,1.244907855228844618e+00,9.074853590259209790e-01,7.152524904558954510e-01,-1.677578325011799487e+00,0.000000000000000000e+00
-9.177861577166946949e-01,4.563971449302577921e-01,2.500000000000000000e+00,1.335146578036402687e+00,9.258023608358715295e-01,7.997499630952279448e-01,-1.539475388299208269e+00,0.000000000000000000e+00
-8.952339215586196941e-01,2.718359580636598993e-01,2.500000000000000000e+00,1.394223216548588384e+00,9.327290915319883524e-01,9.267944987539198376e-01,-1.325719187615901129e+00,0.000000000000000000e+00
-8.283825982329465765e-01,9.843548011514105522e-02,2.500000000000000000e+00,1.138642187807022532e+00,9.309946748614023049e-01,1.083589667879616192e+00,-1.098748360798881940e+00,0.000000000000000000e+00
