2.275113862698110723e-01,1.638243485155492785e+00,2.500000000000000000e+00,1.331467409456987550e-01,1.056721748865469657e+00,7.432342452241830211e-01,2.726334076637163761e+00,0.000000000000000000e+00
5.223532249531014082e-02,1.687160550850786978e+00,2.500000000000000000e+00,6.874409898538803854e-02,9.801440979968371048e-01,7.678913557936484224e-01,2.903097084105514369e+00,0.000000000000000000e+00
-1.171405149278925972e-01,1.754072308422373938e+00,2.500000000000000000e+00,-7.259806280162482695e-02,9.287256947210030811e-01,7.708750616123805077e-01,2.767376810732922632e+00,0.000000000000000000e+00
-2.874257284853191097e-01,1.832870412940270644e+00,2.500000000000000000e+00,-7.259806280162482695e-02,8.958416001230861125e-01,7.623127220982309771e-01,2.767376810732922632e+00,0.000000000000000000e+00
-4.483947861596339624e-01,1.764411072660853508e+00,2.586031966862127884e+00,-5.318614724535008359e-02,7.529261513788454430e-01,8.872690723630982657e-01,2.767376810732923520e+00,2.500000000000000000e-01
-6.078523509654639723e-01,1.676613423959572247e+00,2.758095900586384097e+00,-5.318614724535008359e-02,5.966477412050943396e-01,1.028197131629208227e+00,2.767376810732921300e+00,2.500000000000000000e-01
-7.774691296104405680e-01,1.743371674474729183e+00,2.844127867448511982e+00,-1.197322903657672619e-02,5.767277990645768293e-01,1.031465219880360440e+00,2.767376810732923520e+00,2.500000000000000000e-01
-9.473577548726537234e-01,1.814250580233447652e+00,3.176589503717184737e+00,-1.197322903657672619e-02,5.709087805265004034e-01,1.030804410254684278e+00,2.767376810732923076e+00,2.500000000000000000e-01
-1.116800299488811543e+00,1.878367788635370017e+00,3.509051139985857048e+00,-1.197322903657672619e-02,5.713187147488667517e-01,1.038210744331045321e+00,2.767376810732923964e+00,2.500000000000000000e-01
-1.286474108428045549e+00,1.945990505236080859e+00,3.841512776254529804e+00,-1.197322903657672619e-02,5.822268812246434999e-01,1.044407058901557939e+00,2.767376810732921300e+00,2.500000000000000000e-01
-1.456058319943371870e+00,2.012255102694499254e+00,3.966463913674675545e+00,1.292369754198012229e-03,5.954778849496478177e-01,1.050523685633439896e+00,2.767376810732923964e+00,2.500000000000000000e-01
-1.625671859648860407e+00,2.078964257314620756e+00,4.216366188514967028e+00,1.292369754198012229e-03,6.093200287617739352e-01,1.051103259810255652e+00,2.767376810732920855e+00,2.500000000000000000e-01
-1.795277065627251645e+00,2.145547089170049215e+00,4.466268463355259399e+00,1.292369754198012229e-03,6.160513374677519804e-01,1.043760582426981554e+00,2.767376810732924408e+00,2.500000000000000000e-01
-1.964884272195992931e+00,2.212160246005048680e+00,4.716170738195550882e+00,1.292369754198012229e-03,6.133259605250631630e-01,1.031942078295048137e+00,2.767376810732923520e+00,2.500000000000000000e-01
-2.134491129440198254e+00,2.278768107773317286e+00,4.841121875615696624e+00,-7.567600535834741226e-04,6.070035819133374755e-01,1.022037350825303559e+00,2.767376810732923520e+00,2.500000000000000000e-01
-2.304097990356302805e+00,2.345376025200287984e+00,5.063102384743239703e+00,-7.567600535834741226e-04,5.978882160648192334e-01,1.016224639517731010e+00,2.767376810732921300e+00,2.500000000000000000e-01
-2.473704885014883725e+00,2.411984454096240960e+00,5.285082893870782783e+00,-7.567600535834741226e-04,5.890398720606385696e-01,1.016809326403691038e+00,2.767376810732921300e+00,2.500000000000000000e-01
-2.643311759663172555e+00,2.478592579675871654e+00,5.507063402998325863e+00,-7.567600535834741226e-04,5.843864355808819910e-01,1.021696692596461897e+00,2.767376810732924408e+00,2.500000000000000000e-01
-2.812918642526277768e+00,2.545200829775811968e+00,5.729043912125868943e+00,-7.567600535834741226e-04,5.849635293029825656e-01,1.027596992926940622e+00,2.767376810732923520e+00,2.500000000000000000e-01
-2.982525522591995326e+00,2.611809037472919925e+00,5.840034166689640927e+00,-2.318515699519332375e-03,5.891656538458966974e-01,1.032982508534521449e+00,2.767376810732923520e+00,2.500000000000000000e-01
-3.152132403483048240e+00,2.678417257680462349e+00,6.021848699637692093e+00,-2.318515699519332375e-03,6.009448316898594600e-01,1.036361451951884893e+00,2.767376810732923520e+00,2.500000000000000000e-01
-3.321739284165575512e+00,2.745025474727177617e+00,6.203663232585742371e+00,-2.318515699519332375e-03,6.133445222149548348e-01,1.039587639467704383e+00,2.767376810732921300e+00,2.500000000000000000e-01
-3.491346164888980308e+00,2.811633692393509243e+00,6.385477765533793537e+00,-2.318515699519332375e-03,6.177568940290312227e-01,1.044735302676180311e+00,2.767376810732923076e+00,2.500000000000000000e-01
-3.660953045609261824e+00,2.878241910012503624e+00,6.567292298481843815e+00,-2.318515699519332375e-03,6.069831829385204935e-01,1.049980938921352358e+00,2.767376810732922632e+00,2.500000000000000000e-01
-3.830559926327193665e+00,2.944850127595886491e+00,6.749106831429894982e+00,-2.318515699519332375e-03,5.964098367340722184e-01,1.055946946536686415e+00,2.767376810732924408e+00,2.500000000000000000e-01
-4.000166807046818818e+00,3.011458345204920839e+00,6.840014097903920565e+00,-9.318989456759057622e-04,5.878271181431672376e-01,1.058718934634844455e+00,2.767376810732924408e+00,2.500000000000000000e-01
-4.169773687765698789e+00,3.078066562802678874e+00,6.971443119423518908e+00,-9.318989456759057622e-04,5.818067595845944906e-01,1.052838102283362165e+00,2.767376810732920855e+00,2.500000000000000000e-01
-4.339380568484843437e+00,3.144674780404442593e+00,7.102872140943116364e+00,-9.318989456759057622e-04,5.776951353946735424e-01,1.041769288686332784e+00,2.767376810732924408e+00,2.500000000000000000e-01
-4.508987449203908149e+00,3.211282998004981515e+00,7.234301162462714707e+00,-9.318989456759057622e-04,5.722145540275948017e-01,1.030544683126589645e+00,2.767376810732922632e+00,2.500000000000000000e-01
-4.678594329922993289e+00,3.277891215605842845e+00,7.365730183982313051e+00,-9.318989456759057622e-04,5.684137281422634302e-01,1.023667281824639508e+00,2.767376810732922188e+00,2.500000000000000000e-01
-4.848201210642073100e+00,3.344499433206636674e+00,7.497159205501910506e+00,-9.318989456759057622e-04,5.658774371889577770e-01,1.023148686598880586e+00,2.767376810732924408e+00,2.500000000000000000e-01
-5.017808091361154688e+00,3.411107650807438052e+00,7.628588227021508850e+00,-9.318989456759057622e-04,5.641832806819533364e-01,1.026531806123720081e+00,2.767376810732922632e+00,2.500000000000000000e-01
-5.187414972080236275e+00,3.477715868408240762e+00,7.694302737781307577e+00,-4.800576996089090824e-05,5.629056160797600850e-01,1.033510758026721765e+00,2.767376810732924408e+00,2.500000000000000000e-01
-5.357021852799316974e+00,3.544324086009042141e+00,7.759201375664631861e+00,-4.800576996089090824e-05,5.591505576497483032e-01,1.040342578613008051e+00,2.767376810732918635e+00,2.500000000000000000e-01
-5.526628733518398562e+00,3.610932303609844407e+00,7.824100013547956145e+00,-4.800576996089090824e-05,5.550724509871431955e-01,1.045160187067577295e+00,2.767376810732924408e+00,2.500000000000000000e-01
-5.696235614237480149e+00,3.677540521210646673e+00,7.888998651431280429e+00,-4.800576996089090824e-05,5.511382582292236876e-01,1.048109024664072964e+00,2.767376810732922632e+00,2.500000000000000000e-01
-5.865842494956561737e+00,3.744148738811448496e+00,7.953897289314605601e+00,-4.800576996089090824e-05,5.474755616703635974e-01,1.050400998972175426e+00,2.767376810732924408e+00,2.500000000000000000e-01
-6.035449375675642436e+00,3.810756956412251206e+00,8.018795927197929885e+00,-4.800576996089090824e-05,5.442126536163134354e-01,1.052797614576625129e+00,2.767376810732924408e+00,2.500000000000000000e-01
-6.205056256394724024e+00,3.877365174013053029e+00,8.083694565081254169e+00,-4.800576996089090824e-05,5.414081640535125528e-01,1.056062996157509204e+00,2.767376810732918635e+00,2.500000000000000000e-01
-6.374663137113805611e+00,3.943973391613854851e+00,8.148593202964578452e+00,-4.800576996089090824e-05,5.359727750909452082e-01,1.060961687121211972e+00,2.767376810732928405e+00,2.500000000000000000e-01
-6.544270017832886310e+00,4.010581609214657561e+00,8.152200551794278383e+00,1.134222639914886214e-04,5.312140837191704490e-01,1.065749519148481816e+00,2.767376810732918635e+00,2.500000000000000000e-01
-6.713876898551967010e+00,4.077189826815458495e+00,8.159415249453680019e+00,1.134222639914886214e-04,5.271909442785650546e-01,1.072256324721763798e+00,2.767376810732924408e+00,2.500000000000000000e-01
-6.883483779271048597e+00,4.143798044416260318e+00,8.166629947113079879e+00,1.134222639914886214e-04,5.238846262365949302e-01,1.077756674953287641e+00,2.767376810732922632e+00,2.500000000000000000e-01
-7.053090659990131073e+00,4.210406262017063028e+00,8.173844644772479739e+00,1.134222639914886214e-04,5.212702242454173573e-01,1.078410566351061917e+00,2.767376810732920411e+00,2.500000000000000000e-01
-7.222697540709212660e+00,4.277014479617865739e+00,8.181059342431881376e+00,1.134222639914886214e-04,5.176594121236722801e-01,1.070464439230287335e+00,2.767376810732926629e+00,2.500000000000000000e-01
-7.392304421428294248e+00,4.343622697218667561e+00,8.188274040091281236e+00,1.134222639914886214e-04,5.128806676106837381e-01,1.058806575505536252e+00,2.767376810732918635e+00,2.500000000000000000e-01
-7.561911302147375835e+00,4.410230914819469383e+00,8.195488737750682873e+00,1.134222639914886214e-04,5.086931738001608805e-01,1.047956513215664076e+00,2.767376810732925740e+00,2.500000000000000000e-01
-7.731518182866458311e+00,4.476839132420272982e+00,8.202703435410082733e+00,1.134222639914886214e-04,5.050766331799207975e-01,1.044521139023899314e+00,2.767376810732922632e+00,2.500000000000000000e-01
-7.901125063585537234e+00,4.543447350021073028e+00,8.176337139546085098e+00,-5.853164108069272174e-04,5.020392835036954216e-01,1.043969955272001648e+00,2.767376810732922632e+00,2.500000000000000000e-01
-8.070731944304618821e+00,4.610055567621875738e+00,8.123604547818088051e+00,-5.853164108069272174e-04,4.996196437542045898e-01,1.049367430821910974e+00,2.767376810732922632e+00,2.500000000000000000e-01
-8.240338825023698632e+00,4.676663785222677561e+00,8.070871956090092780e+00,-5.853164108069272174e-04,4.948019945756075288e-01,1.056513660907512975e+00,2.767376810732921744e+00,2.500000000000000000e-01
-8.409945705742780220e+00,4.743272002823479383e+00,8.018139364362095733e+00,-5.853164108069272174e-04,4.900820403183019924e-01,1.061522904451330351e+00,2.767376810732926629e+00,2.500000000000000000e-01
-8.579552586461861807e+00,4.809880220424282093e+00,7.965406772634099575e+00,-5.853164108069272174e-04,4.860424782303673918e-01,1.064464661798930845e+00,2.767376810732918635e+00,2.500000000000000000e-01
-8.749159467180943395e+00,4.876488438025083028e+00,7.912674180906103416e+00,-5.853164108069272174e-04,4.827283825841466314e-01,1.067094593145408554e+00,2.767376810732925740e+00,2.500000000000000000e-01
-8.918766347900024982e+00,4.943096655625884850e+00,7.859941589178107257e+00,-5.853164108069272174e-04,4.801804242694409086e-01,1.071488902696097423e+00,2.767376810732922632e+00,2.500000000000000000e-01
-9.088373228619106570e+00,5.009704873226688449e+00,7.833575293314108734e+00,-1.819553176001881267e-03,4.773330336229256177e-01,1.078418117957510525e+00,2.767376810732918635e+00,2.500000000000000000e-01
-9.257980109338188157e+00,5.076313090827487606e+00,7.714433998600866538e+00,-1.819553176001881267e-03,4.724716631239343489e-01,1.084525715273813251e+00,2.767376810732926629e+00,2.500000000000000000e-01
-9.427586990057259086e+00,5.142921308428300975e+00,7.595292703887625230e+00,-1.819553176001881267e-03,4.682280718638968109e-01,1.085643959864243113e+00,2.767376810732921744e+00,2.500000000000000000e-01
-9.597193870776390412e+00,5.209529526029054836e+00,7.476151409174383033e+00,-1.819553176001881267e-03,4.645421651454306744e-01,1.078617105575690571e+00,2.767376810732926629e+00,2.500000000000000000e-01
-9.766800751495287258e+00,5.276137743630031629e+00,7.357010114461141725e+00,-1.819553176001881267e-03,4.613511663591301493e-01,1.067036405127852028e+00,2.767376810732918635e+00,2.500000000000000000e-01
-9.936407632214946162e+00,5.342745961230288110e+00,7.237868819747899529e+00,-1.819553176001881267e-03,4.585904904929480330e-01,1.057259885436400149e+00,2.767376810732921744e+00,2.500000000000000000e-01
-1.010601451293249831e+01,5.409354178832535887e+00,7.118727525034657333e+00,-1.819553176001881267e-03,4.541114961401761518e-01,1.050373275373496229e+00,2.767376810732926629e+00,2.500000000000000000e-01
-1.027562139365467964e+01,5.475962396430405832e+00,7.059156877678036679e+00,7.721388623943396552e-04,4.483434381850846528e-01,1.050970589394410348e+00,2.767376810732918635e+00,2.500000000000000000e-01
-1.044522827437116597e+01,5.542570614033662579e+00,6.865899072126160796e+00,7.721388623943396552e-04,4.431458485651258439e-01,1.054613898206358646e+00,2.767376810732929737e+00,2.500000000000000000e-01
-1.061483515507501352e+01,5.609178831648867991e+00,6.672641266574284913e+00,7.721388623943396552e-04,4.388229569401844721e-01,1.060913400902737225e+00,2.767376810732918635e+00,2.500000000000000000e-01
-1.078444203590733252e+01,5.675787049142604346e+00,6.479383461022408142e+00,7.721388623943396552e-04,4.356795135036582445e-01,1.067312182972909973e+00,2.767376810732918635e+00,2.500000000000000000e-01
-1.095404891611106279e+01,5.742395267230674172e+00,6.286125655470532259e+00,7.721388623943396552e-04,4.336800413061004944e-01,1.071990635699149985e+00,2.767376810732926629e+00,2.500000000000000000e-01
-1.112365579875134891e+01,5.809003483014980596e+00,6.092867849918656376e+00,7.721388623943396552e-04,4.290929213234005446e-01,1.075563294556415084e+00,2.767376810732921744e+00,2.500000000000000000e-01
-1.129326267326861277e+01,5.875611706479582530e+00,5.899610044366780492e+00,7.721388623943396552e-04,4.263769703248407317e-01,1.078799056711743809e+00,2.767376810732926629e+00,2.500000000000000000e-01
-1.146286957120248218e+01,5.942219907803850454e+00,5.725243232271968630e+00,1.100222711539729920e-02,4.256406950439550751e-01,1.080892132195840016e+00,2.767376810732918635e+00,2.500000000000000000e-01
-1.163247641372976560e+01,6.008828161514888855e+00,5.376509608082344904e+00,1.100222711539729920e-02,4.260907704724404832e-01,1.083554287782916292e+00,2.767376810732929737e+00,2.500000000000000000e-01
-1.180208334275403637e+01,6.075436333443271941e+00,5.027775983892722067e+00,1.100222711539729920e-02,4.266772197406117906e-01,1.087765909363813899e+00,2.767376810732918635e+00,2.500000000000000000e-01
-1.197169032060793548e+01,6.142044459203376938e+00,4.679042359703098342e+00,1.100222711539729920e-02,4.239892789258877803e-01,1.094215408445027515e+00,2.767376810732918635e+00,0.000000000000000000e+00
-1.214129617589049204e+01,6.208653646351523392e+00,4.330308735513474616e+00,1.100222711539729920e-02,4.189584474434744910e-01,1.100788988660286183e+00,2.767376810732929737e+00,0.000000000000000000e+00
-1.231090810810215608e+01,6.275257087780315324e+00,4.072289588185518561e+00,3.257508054196679020e-02,4.114154123481651437e-01,1.105942342714359095e+00,2.767376810732918635e+00,0.000000000000000000e+00
-1.248049532021749464e+01,6.341883901990573946e+00,3.556251293529607338e+00,3.257508054196679020e-02,4.003372977657684850e-01,1.105027255940038033e+00,2.767376810732926629e+00,0.000000000000000000e+00
-1.265016806441350639e+01,6.408429845859399343e+00,3.040212998873696115e+00,3.257508054196679020e-02,3.853230251429019537e-01,1.096119107457189434e+00,2.768327900102055317e+00,0.000000000000000000e+00
-1.281958401928801194e+01,6.475218583308629761e+00,2.782193851545740504e+00,8.126122064522919852e-02,3.699187705801932902e-01,1.084508865243744014e+00,2.907699211542562612e+00,0.000000000000000000e+00
-1.298964651299203332e+01,6.541396020115112897e+00,2.641096925772870030e+00,8.126122064522919852e-02,3.569524866489275916e-01,1.075733314273330299e+00,2.845566280490327671e+00,0.000000000000000000e+00
-1.315852850710235344e+01,6.608689615963320385e+00,2.500000000000000000e+00,8.126122064522919852e-02,3.460901750263392085e-01,1.069459835308799622e+00,2.934099289632992491e+00,0.000000000000000000e+00
-1.332779644915938633e+01,6.675618299114686849e+00,2.500000000000000000e+00,2.021456779134616355e-01,3.417916123461929301e-01,1.070309510126369101e+00,2.878383130861444261e+00,0.000000000000000000e+00
-1.350633410377839461e+01,6.733782495140885338e+00,2.500000000000000000e+00,6.177601987556503582e-01,3.387510534759530234e-01,1.085606191849588287e+00,3.046677466375832921e+00,0.000000000000000000e+00
-1.357852189417300082e+01,6.892498107936781082e+00,2.500000000000000000e+00,1.682350876333792211e+00,4.692681528092086940e-01,9.696110248640530394e-01,-2.985602638643276130e+00,0.000000000000000000e+00
-1.363501254172666322e+01,7.066036329772614977e+00,2.500000000000000000e+00,1.285148993092397163e+00,6.222698512864842657e-01,8.348395328537220328e-01,-2.787634163543667221e+00,0.000000000000000000e+00
-1.380429133252832408e+01,7.132946772538153901e+00,2.500000000000000000e+00,9.322557575405754360e-01,6.513325506031043544e-01,8.412443178814169586e-01,-2.723895747985305871e+00,0.000000000000000000e+00
-1.397711615674412222e+01,7.196579275318706337e+00,2.500000000000000000e+00,6.346128371325050477e-01,6.883271769359811110e-01,8.504311487462116181e-01,-2.651498072250142002e+00,0.000000000000000000e+00
-1.414511228291385692e+01,7.264399510181486441e+00,2.500000000000000000e+00,4.435434838786873057e-01,7.427558038422694686e-01,8.498353178775418515e-01,-2.575704803093151085e+00,0.000000000000000000e+00
-1.431516806868280867e+01,7.330634685855598853e+00,2.500000000000000000e+00,3.554497432552821690e-01,8.069723027623189049e-01,8.450348869150907660e-01,-2.507121679754530597e+00,0.000000000000000000e+00
-1.448978814071876720e+01,7.382811081937620479e+00,2.500000000000000000e+00,3.346380063191714549e-01,8.685203760416679852e-01,8.503960935724511616e-01,-2.437016834156480627e+00,0.000000000000000000e+00
-1.466365084667567942e+01,7.437453810913012830e+00,2.500000000000000000e+00,3.426550775337441346e-01,9.435825468163679952e-01,8.510146225655057517e-01,-2.038313824104921235e+00,0.000000000000000000e+00
-1.483818794265915741e+01,7.489650290361685947e+00,2.500000000000000000e+00,3.467701741598337994e-01,1.027323074517801693e+00,8.560776670676134570e-01,-2.243607218375988310e+00,0.000000000000000000e+00
-1.501722505318864087e+01,7.523394935028527186e+00,2.500000000000000000e+00,3.410017885528938142e-01,1.105520735723196202e+00,8.791357251254394711e-01,-2.188280104069757481e+00,0.000000000000000000e+00
-1.519749462669085815e+01,7.552142014392549285e+00,2.500000000000000000e+00,3.435174927288903723e-01,1.191305906179017216e+00,8.753495321922077910e-01,-2.135861282041974896e+00,0.000000000000000000e+00
-1.537840307175502197e+01,7.535503659288619538e+00,2.500000000000000000e+00,3.659856816544455604e-01,1.248322359399812287e+00,8.714574203771531247e-01,-2.071410995628800489e+00,0.000000000000000000e+00
-1.554899200192068953e+01,7.470125357218989848e+00,2.500000000000000000e+00,4.201791035535090701e-01,1.271988207603869325e+00,9.167413220948061880e-01,-1.987831767640116265e+00,0.000000000000000000e+00
-1.570815910193408982e+01,7.381686121658096233e+00,2.500000000000000000e+00,5.117405479119900846e-01,1.284793755884092947e+00,9.959701429068594791e-01,-1.873150370871399018e+00,0.000000000000000000e+00
-1.585914731020337243e+01,7.279682220009015658e+00,2.500000000000000000e+00,5.890801168637012086e-01,1.294733559438206116e+00,1.097897380837530745e+00,-1.749811577546626973e+00,0.000000000000000000e+00
-1.600330611972478678e+01,7.168233958643534187e+00,2.500000000000000000e+00,5.570971808593457864e-01,1.307690464396089158e+00,1.214068272315427466e+00,-1.703689984761150189e+00,0.000000000000000000e+00
-1.614055978136778080e+01,7.048379654259213645e+00,2.500000000000000000e+00,3.936106610206782097e-01,1.323264608582000790e+00,1.338026371987793839e+00,-1.596868422733664472e+00,0.000000000000000000e+00
-1.627005197707429218e+01,6.920172751050688298e+00,2.500000000000000000e+00,2.137241193805065054e-01,1.339739012966368437e+00,1.406487001643291324e+00,-1.537048727012090055e+00,0.000000000000000000e+00
-1.639076966026181026e+01,6.783667798207396515e+00,2.500000000000000000e+00,2.137241193805065054e-01,1.355270960380813516e+00,1.444674567867503479e+00,-1.514806460461608495e+00,0.000000000000000000e+00
-1.650277537038205011e+01,6.639918365463075567e+00,2.500000000000000000e+00,1.046440074331097952e-01,1.369492869084766751e+00,1.433938978235774764e+00,-1.481600157586618671e+00,0.000000000000000000e+00
-1.660545915684564022e+01,6.489373256088704522e+00,2.669079475996215756e+00,1.046440074331097952e-01,1.381170018421906676e+00,1.420433431707955441e+00,-1.474864517886541160e+00,0.000000000000000000e+00
-1.669787389095753127e+01,6.332311835751617934e+00,2.838158951992431511e+00,1.046440074331097952e-01,1.388539279204440202e+00,1.399814757825343037e+00,-1.474864517886541160e+00,0.000000000000000000e+00
-1.677897928030904851e+01,6.169123883261139696e+00,2.922698689990539389e+00,4.832148020049276127e-02,1.386924311371925400e+00,1.386556170444190883e+00,-1.482058255596183871e+00,0.000000000000000000e+00
-1.684677357750538818e+01,5.999975537331371456e+00,3.170362300611701212e+00,4.832148020049276127e-02,1.376732956205263037e+00,1.375028573083925343e+00,-1.431655882899958598e+00,0.000000000000000000e+00
-1.689780111785593775e+01,5.825074936853313901e+00,3.418025911232862590e+00,4.832148020049276127e-02,1.351328695508428046e+00,1.308662901011273361e+00,-1.431655882899976362e+00,0.000000000000000000e+00
-1.693113863452319023e+01,5.645881836462072201e+00,3.665689521854024413e+00,4.832148020049276127e-02,1.313209088444734718e+00,1.249130577666313302e+00,-1.494143614609516613e+00,0.000000000000000000e+00
-1.694745293872681202e+01,5.464436449310039912e+00,3.742134275539053423e+00,2.214619983718173896e-02,1.261736316912875688e+00,1.201720291042372324e+00,-1.412186040174621793e+00,0.000000000000000000e+00
-1.695022420424527354e+01,5.282200026584391139e+00,3.895023782909110999e+00,2.214619983718173896e-02,1.202126052106038401e+00,1.166218254594477477e+00,-1.412186040174621793e+00,0.000000000000000000e+00
-1.694973287507779247e+01,5.100098331504605120e+00,4.047913290279168130e+00,2.214619983718173896e-02,1.144291997451750920e+00,1.134622606585987681e+00,-1.412186040174621793e+00,0.000000000000000000e+00
-1.693857271068929649e+01,4.918158533379179964e+00,4.200802797649226150e+00,2.214619983718173896e-02,1.079933485459464659e+00,1.112543220978196468e+00,-1.463365515226360714e+00,0.000000000000000000e+00
-1.692516035048062406e+01,4.736490232571742176e+00,4.221908976854048312e+00,1.299890649603081122e-02,1.020172509619104551e+00,1.092987974194681522e+00,-1.408788466585549903e+00,0.000000000000000000e+00
-1.690538001847428617e+01,4.555291384118924647e+00,4.264121335263692636e+00,1.299890649603081122e-02,9.571051320340245860e-01,1.079644818345346202e+00,-1.408788466585549903e+00,0.000000000000000000e+00
-1.689235864808775034e+01,4.373539680852282174e+00,4.306333693673337848e+00,1.299890649603081122e-02,9.079050306256555292e-01,1.059992913878632370e+00,-1.408788466585549903e+00,0.000000000000000000e+00
-1.687416758898694269e+01,4.192383417386795763e+00,4.348546052082982172e+00,1.299890649603081122e-02,8.606357526502586008e-01,1.046750680141183221e+00,-1.408788466585549903e+00,0.000000000000000000e+00
-1.684731192949866596e+01,4.012077208823075836e+00,4.369652231287804334e+00,8.982362770044835867e-03,8.107743139609253635e-01,1.041693184975188924e+00,-1.446903117321863386e+00,0.000000000000000000e+00
-1.682153424867963309e+01,3.831689499897640516e+00,4.308476494164189319e+00,8.982362770044835867e-03,7.724963639824151684e-01,1.037197584464665479e+00,-1.400346817691262347e+00,0.000000000000000000e+00
-1.679895929143332012e+01,3.650916999768904603e+00,4.247300757040575192e+00,8.982362770044835867e-03,7.443417166601080659e-01,1.030332694766713075e+00,-1.400346817691262347e+00,0.000000000000000000e+00
-1.678145067269070267e+01,3.469602652335299187e+00,4.186125019916961065e+00,8.982362770044835867e-03,7.324194573716517054e-01,1.018473861091416577e+00,-1.400346817691262347e+00,0.000000000000000000e+00
-1.675130514592709474e+01,3.289837817167260869e+00,4.124949282793346050e+00,8.982362770044835867e-03,7.203689806381695648e-01,1.019257817887217143e+00,-1.453291395039379097e+00,0.000000000000000000e+00
-1.672266395736290434e+01,3.109891799720104100e+00,4.029704375359211888e+00,5.811651443810499779e-03,7.174271798852596138e-01,1.017105000174198581e+00,-1.395296925837545388e+00,0.000000000000000000e+00
-1.669336433162994382e+01,2.930032142924097638e+00,3.839214560490944006e+00,5.811651443810499779e-03,7.265824158490129525e-01,1.016158484660270478e+00,-1.395296925837528290e+00,0.000000000000000000e+00
-1.667273705201422374e+01,2.749001763402117327e+00,3.648724745622676124e+00,5.811651443810499779e-03,7.481019065003140511e-01,1.007254159265420945e+00,-1.395296925837545610e+00,0.000000000000000000e+00
-1.664294595945724353e+01,2.569224990200989822e+00,3.458234930754408243e+00,5.811651443810499779e-03,7.684882185393391296e-01,1.007653649706098609e+00,-1.477472324120773894e+00,0.000000000000000000e+00
-1.661360636743117425e+01,2.389385604579377542e+00,3.271188134732336827e+00,1.103229766983539716e-02,7.922040817050469697e-01,1.006689709806674937e+00,-1.370626170627471163e+00,0.000000000000000000e+00
-1.658317992999639046e+01,2.209701572323711893e+00,2.897094542688194441e+00,1.103229766983539716e-02,8.148550946811085050e-01,1.005333018215974095e+00,-1.370626170627454066e+00,0.000000000000000000e+00
-1.656071232974408503e+01,2.028894208821545142e+00,2.523000950644052054e+00,1.103229766983539716e-02,8.449764447644820820e-01,9.947382852538608766e-01,-1.380837992357652588e+00,0.000000000000000000e+00
-1.653024675591206361e+01,1.849253468020756852e+00,2.517250712983039040e+00,4.583168415498755505e-02,8.671418006154625324e-01,9.918292001930828494e-01,-1.370068116316355722e+00,0.000000000000000000e+00
-1.649881976461402289e+01,1.669751820548982968e+00,2.505750237661013013e+00,4.583168415498755505e-02,8.892351698828638851e-01,9.917451282204726715e-01,-1.370068116316355722e+00,0.000000000000000000e+00
-1.646851485461598585e+01,1.490086771169806923e+00,2.500000000000000000e+00,1.586540540040992653e-01,9.128919283917773519e-01,9.924142556323349851e-01,-1.340981534957942589e+00,0.000000000000000000e+00
-1.643599952698040667e+01,1.310746439168214650e+00,2.500000000000000000e+00,1.586540540040992653e-01,9.392183854818935140e-01,9.963289152807849325e-01,-1.335752483926755607e+00,0.000000000000000000e+00
-1.641120213052704102e+01,1.130270695513799106e+00,2.500000000000000000e+00,4.862488161337332748e-01,9.776323680778145064e-01,9.909987041976217048e-01,-1.098686553943459154e+00,0.000000000000000000e+00
-1.638274543089659119e+01,9.503515383144540696e-01,2.500000000000000000e+00,1.694911639564119721e+00,1.017495931689623934e+00,9.892967413901723184e-01,-8.461131356358171374e-01,0.000000000000000000e+00
-1.635024272162014114e+01,7.710376362825500651e-01,2.500000000000000000e+00,8.056327202546968991e-01,1.057112404075571499e+00,9.916387570709404020e-01,-6.277055572592038502e-01,0.000000000000000000e+00
-1.631701117832245984e+01,5.918232600147431688e-01,2.500000000000000000e+00,4.721061134087564670e-01,1.094090950021793240e+00,9.947939582553838589e-01,-5.245696428571767767e-01,0.000000000000000000e+00
-1.629106363569488636e+01,4.115558613601973392e-01,2.500000000000000000e+00,3.438730327974127143e-01,1.131097750296503168e+00,9.908546963871134317e-01,-4.840197198117493493e-01,0.000000000000000000e+00
-1.626815525268876073e+01,2.309307555797893430e-01,2.500000000000000000e+00,3.872589136571977786e-01,1.160049404458822764e+00,9.841103254951404367e-01,-4.048142358024765519e-01,0.000000000000000000e+00
-1.622945280394218770e+01,5.273788635358789278e-02,2.500000000000000000e+00,3.950410015484220327e-01,1.162500105208281731e+00,9.924886451229223416e-01,-3.245698889288449185e-01,0.000000000000000000e+00
-1.619397800583783464e+01,-1.259717394860158102e-01,2.500000000000000000e+00,3.542387956385002479e-01,1.169308870043418436e+00,9.987121471677239404e-01,-2.601265167187816196e-01,0.000000000000000000e+00
-1.615724478728007796e+01,-3.044492169054760500e-01,2.500000000000000000e+00,3.638213538064846153e-01,1.177100621892148702e+00,1.006637325223589396e+00,-1.865653872094669985e-01,0.000000000000000000e+00
-1.612688453129984012e+01,-4.841844586274404727e-01,2.500000000000000000e+00,3.854711073816107780e-01,1.197477415572351322e+00,1.006892874690284323e+00,-9.405377239935194811e-02,0.000000000000000000e+00
-1.608430778112956361e+01,-6.605845345676053526e-01,2.500000000000000000e+00,3.854711073816107780e-01,1.216819043362946662e+00,1.017137013802165590e+00,-9.381771426211578391e-02,0.000000000000000000e+00
-1.602440845296392880e+01,-8.332027941502406776e-01,2.500000000000000000e+00,3.901218851745237859e-01,1.231643610009366396e+00,1.044749652267021212e+00,-1.194608449929042415e-02,0.000000000000000000e+00
-1.594311986274288273e+01,-9.959028456567223797e-01,2.500000000000000000e+00,4.807167877222580099e-01,1.243758900670369316e+00,1.095938127248123672e+00,6.464903107111415193e-02,0.000000000000000000e+00
-1.582052140404238294e+01,-1.130995866821417506e+00,2.500000000000000000e+00,7.714431864834362385e-01,1.226602220649376074e+00,1.197981190297642717e+00,1.761182374285993613e-01,0.000000000000000000e+00
-1.567629057991761421e+01,-1.242508487805894513e+00,2.500000000000000000e+00,1.640290413602739417e+00,1.204050880882702401e+00,1.250196506662482943e+00,3.059310636472661882e-01,0.000000000000000000e+00
-1.552558553821437215e+01,-1.344961397059537322e+00,2.500000000000000000e+00,-6.906592881725476252e-01,1.189137658707252410e+00,1.198579533125522900e+00,6.345322373740445165e-01,0.000000000000000000e+00
-1.536991681602702897e+01,-1.439485514800324939e+00,1.800000000000000044e+00,1.288050360987978760e+00,1.192689463378077575e+00,1.153322639341935130e+00,4.976911137335160440e-01,0.000000000000000000e+00
-1.520256188755690019e+01,-1.511487783443625998e+00,1.800000000000000044e+00,1.964117665757769915e+00,1.198677602482769666e+00,1.118239985993323637e+00,7.797654702628873391e-01,0.000000000000000000e+00
-1.503028584317933358e+01,-1.571901150723073792e+00,1.800000000000000044e+00,1.985247443351729091e+00,1.219692060898244446e+00,1.087027211373501334e+00,1.123840808299723104e+00,0.000000000000000000e+00
-1.485269380252930205e+01,-1.609921133638334556e+00,1.800000000000000044e+00,1.327749656816504586e+00,1.238378486429574599e+00,1.079466246548798747e+00,1.406000097434061846e+00,0.000000000000000000e+00
-1.467136612858702982e+01,-1.628388909597164869e+00,1.800000000000000044e+00,7.971666712504152930e-01,1.262634379586607958e+00,1.099678485589508758e+00,1.599537886862548053e+00,0.000000000000000000e+00
-1.449117478333117504e+01,-1.655391454615807501e+00,1.800000000000000044e+00,6.147320942963201418e-01,1.320025512992804462e+00,1.111247432587476602e+00,1.705343106912580398e+00,0.000000000000000000e+00
-1.430910829240952431e+01,-1.663250726009869895e+00,1.800000000000000044e+00,4.752446325763085566e-01,1.381719658073381485e+00,1.124239401247836279e+00,1.756318788106593365e+00,0.000000000000000000e+00
-1.412692910307919902e+01,-1.655313313761697991e+00,1.800000000000000044e+00,3.679129072723219540e-01,1.449699079677111868e+00,1.126544099296504120e+00,1.796300505733899655e+00,0.000000000000000000e+00
-1.394668664359523902e+01,-1.629040466068068849e+00,1.800000000000000044e+00,2.838103419747735612e-01,1.515019327804490779e+00,1.138480532967955261e+00,1.827270386683569559e+00,0.000000000000000000e+00
-1.378063941318326435e+01,-1.561274420901000104e+00,1.800000000000000044e+00,2.160247069889767169e-01,1.555435078934439108e+00,1.189939894714031388e+00,1.850660879838306849e+00,0.000000000000000000e+00
-1.363332478625912891e+01,-1.458182784488412320e+00,1.800000000000000044e+00,1.592512880349362114e-01,1.576601586568489255e+00,1.280550853521917665e+00,1.867469022750116725e+00,0.000000000000000000e+00
-1.346567181387106338e+01,-1.384653101350663107e+00,1.800000000000000044e+00,1.092851995656585057e-01,1.648483744943722851e+00,1.341318859792897999e+00,1.878339605088324982e+00,0.000000000000000000e+00
-1.333704130881774219e+01,-1.254924171027436364e+00,1.800000000000000044e+00,6.254389491684499147e-02,1.667406791752360062e+00,1.187640569730354034e+00,1.883617400536769848e+00,0.000000000000000000e+00
-1.326147140334405350e+01,-1.089898717185959320e+00,1.800000000000000044e+00,1.886478405702616407e-02,1.638883108417133139e+00,1.071473802848241341e+00,1.883373674620961280e+00,0.000000000000000000e+00
-1.323709541916136700e+01,-9.090833070647019731e-01,1.800000000000000044e+00,-1.204220259247157192e-02,1.569462446027675373e+00,1.004160013194521639e+00,1.879535239176217898e+00,0.000000000000000000e+00
-1.324515332753801644e+01,-7.271182771118591681e-01,1.800000000000000044e+00,-2.154060273823100655e-02,1.481159742945543201e+00,9.687300462171324344e-01,1.877217800149955318e+00,0.000000000000000000e+00
-1.327322657185446886e+01,-5.471141916532639149e-01,1.800000000000000044e+00,-1.791777196047112872e-02,1.386969543708894470e+00,9.520387604906872525e-01,1.875828187931653845e+00,0.000000000000000000e+00
-1.331398655707259415e+01,-3.695297385990450878e-01,1.800000000000000044e+00,-1.177083849648440615e-02,1.286337311342633294e+00,9.451537116394919114e-01,1.879684572285225785e+00,0.000000000000000000e+00
-1.336290576089196414e+01,-1.940079285043520840e-01,1.800000000000000044e+00,2.828689181855527281e-03,1.190882192037958864e+00,9.484416991177658796e-01,1.880525086313819871e+00,0.000000000000000000e+00
-1.341686982131440331e+01,-1.996695113139248731e-02,1.800000000000000044e+00,1.977831107778623559e-02,1.101049760197702732e+00,9.599474006881865140e-01,1.882732830076863983e+00,0.000000000000000000e+00
-1.347340454676115762e+01,1.532580150579822276e-01,1.800000000000000044e+00,3.774313296013535185e-02,1.018820127843689471e+00,9.836186977202099335e-01,1.888313142822092283e+00,0.000000000000000000e+00
-1.353022357662537267e+01,3.263900652113123635e-01,1.800000000000000044e+00,5.502943260964928557e-02,9.530857989572519839e-01,1.011497187329141401e+00,1.897250504757637124e+00,0.000000000000000000e+00
-1.358632229357246679e+01,4.997569066181558051e-01,1.800000000000000044e+00,6.990428835960463272e-02,9.051812021384438856e-01,1.042158387759448912e+00,1.909305941313170107e+00,0.000000000000000000e+00
-1.364195412257012485e+01,6.732741673042083042e-01,1.800000000000000044e+00,7.463668130388789734e-02,8.739277199914066152e-01,1.061982755466317707e+00,1.924017206524552437e+00,0.000000000000000000e+00
-1.369750003990396259e+01,8.468190118368872366e-01,1.800000000000000044e+00,5.198228751589559736e-03,8.602872609879016474e-01,1.061130559726639833e+00,1.934317791826098754e+00,0.000000000000000000e+00
-1.375341992292293902e+01,1.020243685031406500e+00,1.800000000000000044e+00,-1.043973758292092296e-01,8.644546079349686440e-01,1.054528267800494357e+00,1.924269666740422213e+00,0.000000000000000000e+00
-1.381022674010319484e+01,1.193380007679616606e+00,1.800000000000000044e+00,-2.137894727246776871e-01,8.834047375718618866e-01,1.049948378345336275e+00,1.891906503582406751e+00,0.000000000000000000e+00
-1.386845458079839588e+01,1.366043276904086223e+00,1.800000000000000044e+00,-3.290311905983746010e-01,9.123133177569593411e-01,1.052675736419690811e+00,1.836728442287154595e+00,0.000000000000000000e+00
-1.392856481435637761e+01,1.538061243904567554e+00,1.800000000000000044e+00,-4.521958601445223991e-01,9.497873339113147573e-01,1.057764415222635535e+00,1.757597512604352152e+00,0.000000000000000000e+00
-1.399102784541392808e+01,1.709237011016618180e+00,1.800000000000000044e+00,-5.152149556208863723e-01,9.898946385977304141e-01,1.050378779765181125e+00,1.682710151906784191e+00,0.000000000000000000e+00
-1.405556317294476010e+01,1.879644571803485764e+00,1.800000000000000044e+00,-5.769162192459322824e-01,1.023832941632874638e+00,1.030449288481547931e+00,1.624542304519745350e+00,0.000000000000000000e+00
-1.411981661707661040e+01,2.050157308664791955e+00,1.800000000000000044e+00,-6.345142473504266079e-01,1.037814570808498482e+00,1.018705383433484712e+00,1.560454634390080919e+00,0.000000000000000000e+00
-1.418062437244528518e+01,2.221930614796116643e+00,1.800000000000000044e+00,-6.844567392622288304e-01,1.037085049031720052e+00,1.014102539518548118e+00,1.490948038291121547e+00,0.000000000000000000e+00
-1.423487237603786859e+01,2.395891073541809302e+00,1.800000000000000044e+00,-7.187652768695548255e-01,1.033605998972899842e+00,1.014044994737338223e+00,1.416800701428440279e+00,0.000000000000000000e+00
-1.427919088968855021e+01,2.572642693953757664e+00,1.800000000000000044e+00,-7.194766912853721719e-01,1.035266247853061206e+00,1.015701380271463838e+00,1.340471895549335990e+00,0.000000000000000000e+00
-1.430988792961997191e+01,2.752286074538332183e+00,1.800000000000000044e+00,-6.881796388407057652e-01,1.049145269640698430e+00,1.016964455405737988e+00,1.267374771991835791e+00,0.000000000000000000e+00
-1.432303649522293654e+01,2.933979384397303658e+00,1.800000000000000044e+00,-6.537297790543722398e-01,1.082089045234487124e+00,1.016475778526257701e+00,1.197385895669399680e+00,0.000000000000000000e+00
-1.431485519895340097e+01,3.115930060436284066e+00,1.800000000000000044e+00,-6.297882688985446675e-01,1.136078589483991985e+00,1.013600863963876497e+00,1.095063763271856283e+00,0.000000000000000000e+00
-1.428295128440745287e+01,3.295237322655683254e+00,1.800000000000000044e+00,-6.701222586355072286e-01,1.209718883963368130e+00,1.009367032095174643e+00,9.563435305988400303e-01,0.000000000000000000e+00
-1.422878522149650848e+01,3.469154405027771837e+00,1.800000000000000044e+00,-7.810741248202173193e-01,1.298503989161301941e+00,9.997150197327807630e-01,8.047955681498580871e-01,0.000000000000000000e+00
-1.415481615095568557e+01,3.635599042773745015e+00,1.800000000000000044e+00,-9.752734690907219894e-01,1.393624556796265068e+00,9.935482501437553626e-01,6.280643910520055107e-01,0.000000000000000000e+00
-1.406178528604841738e+01,3.792319484896116144e+00,1.800000000000000044e+00,-1.218949826666656966e+00,1.445381806724427731e+00,9.903215617415180860e-01,4.136051648334115316e-01,0.000000000000000000e+00
-1.395053587801734096e+01,3.936724191136392381e+00,1.800000000000000044e+00,-1.152792618876433028e+00,1.285718435479721977e+00,9.862978231713858124e-01,1.809367615174185817e-01,0.000000000000000000e+00
-1.382075855329081726e+01,4.064598433307746284e+00,1.800000000000000044e+00,-8.335376091541691901e-01,1.130679072821170195e+00,9.849214116994093882e-01,-6.148877535819543411e-02,0.000000000000000000e+00
-1.367193061989079084e+01,4.170214808518677430e+00,1.800000000000000044e+00,-5.319466713107643407e-01,9.873578271159995090e-01,9.702471730186809085e-01,-1.891304850315394526e-01,0.000000000000000000e+00
-1.350507707716066008e+01,4.242235107263334193e+00,1.800000000000000044e+00,-4.053588014551208762e-01,8.670873202878642827e-01,9.405350910191000446e-01,-1.891304850315480013e-01,0.000000000000000000e+00
-1.332571764460381480e+01,4.279364086445655246e+00,1.800000000000000044e+00,-2.940344827463509114e-01,7.715112356926706605e-01,8.951164767259753852e-01,-1.891304850315456421e-01,0.000000000000000000e+00
-1.314495519499584297e+01,4.267963635513787324e+00,1.800000000000000044e+00,-1.948526472863650050e-01,7.217870053988980628e-01,8.217326031006588760e-01,-1.891304850315418118e-01,0.000000000000000000e+00
-1.296618312148102348e+01,4.231575691441637588e+00,1.800000000000000044e+00,-1.041180541531008391e-01,6.994635503682847810e-01,7.380650877888205175e-01,-1.891304850315456421e-01,0.000000000000000000e+00
-1.278720195408546445e+01,4.197460781755981252e+00,1.800000000000000044e+00,-1.802041452721515197e-02,6.754604214093100634e-01,6.748757854680254020e-01,-1.891304850315418118e-01,0.000000000000000000e+00
-1.260823023156465794e+01,4.163243197975269538e+00,1.800000000000000044e+00,6.722765857008741741e-02,6.555970814088081244e-01,6.317113902995572516e-01,-1.891304850315480013e-01,0.000000000000000000e+00
-1.242926342601169054e+01,4.128972162427241521e+00,1.800000000000000044e+00,1.553989886880847715e-01,6.390299841265851821e-01,6.087965404365408562e-01,-1.891304850315456421e-01,0.000000000000000000e+00
-1.225029524584951623e+01,4.094716070092840887e+00,1.800000000000000044e+00,2.499090488349081929e-01,6.232061418397407682e-01,5.975551701087711276e-01,-1.891304850315394526e-01,0.000000000000000000e+00
-1.207132721062620462e+01,4.060458402198498185e+00,1.800000000000000044e+00,3.374274174431463047e-01,6.071868324236759928e-01,5.865144281355256783e-01,-1.891304850315480013e-01,0.000000000000000000e+00
-1.189235918999181152e+01,4.026200575294100581e+00,1.800000000000000044e+00,3.458727960270977508e-01,5.922803759509234212e-01,5.553814485173459436e-01,-1.891304850315449204e-01,0.000000000000000000e+00
-1.171339116247567524e+01,3.991942824421078839e+00,1.800000000000000044e+00,2.051215532236202177e-01,5.779323531478161025e-01,5.150708397729419907e-01,-1.891304850315425334e-01,0.000000000000000000e+00
-1.153442313998123048e+01,3.957685023709372807e+00,1.800000000000000044e+00,4.355907682510139906e-02,5.637198814410229186e-01,4.797495924745714402e-01,-1.891304850315480013e-01,0.000000000000000000e+00
-1.135545506458187681e+01,3.923427731079697889e+00,1.800000000000000044e+00,-1.218843129726757957e-01,5.486008237272138599e-01,4.571063703001337353e-01,-1.891304850315425334e-01,0.000000000000000000e+00
-1.117648722967639152e+01,3.889168128965832416e+00,1.800000000000000044e+00,-2.770764838710156885e-01,5.306207071171155087e-01,4.383880334201662454e-01,-1.891304850315449204e-01,0.000000000000000000e+00
-1.099751938456696188e+01,3.854908624832000807e+00,1.800000000000000044e+00,-4.050301898140488133e-01,5.115375130779242774e-01,4.217695125372962206e-01,-1.891304850315425334e-01,0.000000000000000000e+00
-1.081854425194544156e+01,3.820719104804280342e+00,1.800000000000000044e+00,-4.526811540587001303e-01,4.908554276739898192e-01,3.985591588612144576e-01,-1.891304850315480013e-01,0.000000000000000000e+00
-1.063961693654467844e+01,3.786070382052539873e+00,1.800000000000000044e+00,-4.864251598262910314e-01,4.701022484628844533e-01,3.821816042200263386e-01,-1.891304850315425334e-01,0.000000000000000000e+00
-1.046058421410588402e+01,3.752433913845099500e+00,1.800000000000000044e+00,-4.981690762924112503e-01,4.500092474378378227e-01,3.881485416699013147e-01,-1.891304850315449204e-01,0.000000000000000000e+00
-1.028239362771449272e+01,3.718937346845549552e+00,1.800000000000000044e+00,-4.769117754206081417e-01,4.335297406066641601e-01,4.251325227303934806e-01,-1.891304850315449204e-01,0.000000000000000000e+00
-1.012584125568921856e+01,3.620470446707803269e+00,1.800000000000000044e+00,-4.359043635780945891e-01,4.845980511955754189e-01,4.306844772533154897e-01,-1.891304850315432551e-01,0.000000000000000000e+00
-9.973543299595972300e+00,3.520979724660811883e+00,1.800000000000000044e+00,-4.010602117595652993e-01,5.456275108647664629e-01,4.668583535120185979e-01,-4.876678732839681563e-01,0.000000000000000000e+00
-9.828885806602075448e+00,3.410291686351528906e+00,1.800000000000000044e+00,-3.816041831322863342e-01,6.216631157921902462e-01,5.155893639729611788e-01,-5.285495276697679268e-01,0.000000000000000000e+00
-9.693375366653224745e+00,3.288278973029556518e+00,1.800000000000000044e+00,-3.764021101002971159e-01,7.168409177933523502e-01,5.780394219228108810e-01,-5.683397967185785937e-01,0.000000000000000000e+00
-9.571291524084955427e+00,3.152724652833158725e+00,1.800000000000000044e+00,-3.848585519032240998e-01,8.237105199914702691e-01,6.521803653406784695e-01,-6.262493835281846000e-01,0.000000000000000000e+00
-9.469431086781803231e+00,3.001620417052798473e+00,1.800000000000000044e+00,-4.479761595711606592e-01,9.479473782919566327e-01,7.321084670498824165e-01,-7.009806093761937751e-01,0.000000000000000000e+00
-9.404987070896902779e+00,2.831247227441601400e+00,1.800000000000000044e+00,-6.009710829866635740e-01,9.138485039098190876e-01,7.939376291091506666e-01,-8.497762307582914509e-01,0.000000000000000000e+00
-9.413672429627050420e+00,2.650341570664158208e+00,1.800000000000000044e+00,-9.238910320052555747e-01,9.188457460409545918e-01,8.183752463239964969e-01,-1.064804743054756919e+00,0.000000000000000000e+00
-9.503336725672102858e+00,2.491832683637641654e+00,1.800000000000000044e+00,-1.580936893470205495e+00,9.932515414567647527e-01,7.827291307339914184e-01,-1.332699053736227546e+00,0.000000000000000000e+00
-9.631535733056196591e+00,2.362321983752800225e+00,1.800000000000000044e+00,-2.627016987654374969e+00,1.011287222898302751e+00,7.350045766573077843e-01,-1.718813677731195311e+00,0.000000000000000000e+00
-9.774492971685905474e+00,2.249299764995336570e+00,1.800000000000000044e+00,-2.595767637501434688e+00,9.532764438894014702e-01,6.855904117630571282e-01,-2.093004188087297823e+00,0.000000000000000000e+00
-9.923332665670949737e+00,2.144168321432904367e+00,1.800000000000000044e+00,-1.469547247619523933e+00,9.035846147038589793e-01,6.545167030668777031e-01,-2.334007269917192762e+00,0.000000000000000000e+00
-1.007383396104135542e+01,2.041443522764499807e+00,1.800000000000000044e+00,-6.993169026346108819e-01,8.547515094564274163e-01,6.421169006281198799e-01,-2.466376194357493556e+00,0.000000000000000000e+00
-1.022335801092558505e+01,1.937299077002174963e+00,1.800000000000000044e+00,-2.909297230945825929e-01,8.128680101992706852e-01,6.480985894932858038e-01,-2.528198207390033758e+00,0.000000000000000000e+00
-1.036966481755742997e+01,1.828658076079884509e+00,1.800000000000000044e+00,-5.701597964045009709e-02,7.795323589228447814e-01,6.672404188515100865e-01,-2.541516982326145424e+00,0.000000000000000000e+00
-1.051013918931949931e+01,1.712556792874512013e+00,1.800000000000000044e+00,1.074754237261639350e-01,7.574920149893986654e-01,7.080129731170802243e-01,-2.515987423632123132e+00,0.000000000000000000e+00
-1.064215160433892748e+01,1.586921116401106557e+00,1.800000000000000044e+00,2.552520059978775624e-01,7.513237381057644715e-01,7.680939551801154730e-01,-2.453713617358197485e+00,0.000000000000000000e+00
-1.076369238460132038e+01,1.451107123170037871e+00,1.800000000000000044e+00,3.942442766088040118e-01,7.624796637075068606e-01,8.465552278987829027e-01,-2.357323039353724337e+00,0.000000000000000000e+00
-1.087370550384761003e+01,1.305795636254507119e+00,1.800000000000000044e+00,4.392638790659993964e-01,7.918180083031547412e-01,9.355682311219414293e-01,-2.251224753790654454e+00,0.000000000000000000e+00
-1.097045556207986827e+01,1.151338658328300291e+00,1.800000000000000044e+00,4.739899014524416310e-01,8.405777515693474422e-01,9.113903493115508292e-01,-2.139770366485043596e+00,0.000000000000000000e+00
-1.105125307582677507e+01,9.879656400174563480e-01,1.800000000000000044e+00,5.497807513858092854e-01,9.030410763785680084e-01,9.158704423124440774e-01,-2.015832252387844026e+00,0.000000000000000000e+00
-1.111200924372405474e+01,8.161273176036580868e-01,1.800000000000000044e+00,6.826827074062651324e-01,9.700831325331550348e-01,9.525509918557156785e-01,-1.870436297031172090e+00,0.000000000000000000e+00
-1.114641629403809553e+01,6.371601779120994458e-01,1.800000000000000044e+00,8.946415315860988260e-01,1.041197027315863721e+00,9.530955580539224314e-01,-1.692474575265479508e+00,0.000000000000000000e+00
-1.114534663431504313e+01,4.549226537669978088e-01,1.800000000000000044e+00,1.196813508483805411e+00,1.098708674555931131e+00,9.211467417919878553e-01,-1.470684735141518651e+00,0.000000000000000000e+00
-1.109834672394867638e+01,2.790042527641968806e-01,1.800000000000000044e+00,1.528902163318917040e+00,1.136146403171026220e+00,9.313789196957196204e-01,-1.202172961465634016e+00,0.000000000000000000e+00
-1.100330166756941885e+01,1.233901273829765555e-01,1.800000000000000044e+00,1.543893091243820903e+00,1.141733592046633161e+00,9.963676265911326491e-01,-9.315917386028591540e-01,0.000000000000000000e+00
-1.087408372785829869e+01,-4.669662974567188006e-03,1.800000000000000044e+00,9.654825668910237413e-01,1.125816141944014914e+00,1.068223909371021740e+00,-7.174468987037454504e-01,0.000000000000000000e+00
-1.072589317995715597e+01,-1.113734132969511903e-01,1.800000000000000044e+00,8.893732427170363275e-01,1.096286788114775979e+00,1.061517588635512821e+00,-5.574357427571299262e-01,0.000000000000000000e+00
-1.057497486779906914e+01,-2.160142430563606053e-01,1.800000000000000044e+00,1.324888388659638261e-01,1.078674436206459086e+00,1.045546369815726351e+00,-6.408682272769947730e-01,0.000000000000000000e+00
-1.041169927912967808e+01,-2.835323860521962169e-01,1.800000000000000044e+00,1.009679284763485563e-01,1.038365213409879972e+00,1.056395410206877994e+00,-4.873954688024396131e-01,0.000000000000000000e+00
-1.023534836197961617e+01,-3.945471061418008296e-01,2.500000000000000000e+00,5.058494638855944858e-01,1.042954250691678686e+00,1.001536054551267707e+00,-2.510199229540206467e-01,0.000000000000000000e+00
-1.012629328539138562e+01,-3.047708395289395744e-01,2.500000000000000000e+00,1.318288206968442289e+00,9.136244249621999769e-01,1.109470026778140994e+00,-2.375095972841075598e-01,2.500000000000000000e-01
-1.000781707643261065e+01,-2.008385348189125064e-01,2.500000000000000000e+00,7.011325422227989712e-01,7.699393328516052071e-01,1.228985519348210875e+00,-1.939266186006929731e-03,2.500000000000000000e-01
-9.821570535914871058e+00,-2.351977127324092476e-01,2.500000000000000000e+00,7.011325422227989712e-01,7.308830094463601990e-01,1.215875222070632145e+00,-2.454065225716170646e-03,2.500000000000000000e-01
-9.640969676244452558e+00,-2.255955970757647921e-01,2.500000000000000000e+00,1.917846074284990376e-01,6.703525117039531578e-01,1.240940807954594716e+00,-2.454065225715899162e-03,2.500000000000000000e-01
-9.458296062148122019e+00,-2.288839081015418553e-01,2.500000000000000000e+00,1.917846074284990376e-01,6.379140543711628863e-01,1.248181902170009572e+00,-2.454065225716194065e-03,2.500000000000000000e-01
-9.276207373000671552e+00,-2.285345956900872721e-01,2.652334618176995118e+00,6.298211241415788142e-02,6.199596376320027913e-01,1.252367069557803747e+00,-2.454065225716170646e-03,2.500000000000000000e-01
-9.093955044908206276e+00,-2.292029469340272907e-01,2.957003854530985798e+00,6.298211241415788142e-02,6.208495725693016221e-01,1.246027650173304968e+00,-2.454065225716194065e-03,2.500000000000000000e-01
-8.911748065748570369e+00,-2.295892750890024259e-01,3.261673090884976034e+00,6.298211241415788142e-02,6.380833307863739146e-01,1.230995408097855570e+00,-2.454065225716194065e-03,2.500000000000000000e-01
-8.729528636997695656e+00,-2.300530267235925408e-01,3.402757229596093502e+00,2.670422954483937447e-02,6.612029175820273164e-01,1.212225860573542313e+00,-2.454065225715875743e-03,2.500000000000000000e-01
-8.547312593349781551e+00,-2.304957265465382155e-01,3.684925507018327995e+00,2.670422954483937447e-02,6.904945203254186925e-01,1.197858713464940106e+00,-2.454065225716194065e-03,2.500000000000000000e-01
-8.365095638453707849e+00,-2.309440933831119758e-01,3.967093784440562487e+00,2.670422954483937447e-02,7.140404156945379111e-01,1.189119217684028840e+00,-2.454065225716170646e-03,2.500000000000000000e-01
-8.182878926245418683e+00,-2.313909509546706322e-01,4.249262061862797424e+00,2.670422954483937447e-02,7.223509185004228783e-01,1.188866287289442880e+00,-2.454065225716194065e-03,2.500000000000000000e-01
-8.000662150159138619e+00,-2.318382057807059915e-01,4.360819484342335350e+00,1.565154860939804715e-02,7.162490350564947317e-01,1.190130297382203439e+00,-2.454065225716194065e-03,2.500000000000000000e-01
-7.818445390664397365e+00,-2.322853574247102093e-01,4.583934329301412092e+00,1.565154860939804715e-02,7.039255064319936972e-01,1.189992455886218936e+00,-2.454065225715875743e-03,2.500000000000000000e-01
-7.636228626926382823e+00,-2.327325354574422966e-01,4.807049174260488833e+00,1.565154860939804715e-02,6.895651221047962576e-01,1.178136567002166624e+00,-2.454065225716194065e-03,2.500000000000000000e-01
-7.454011864253486053e+00,-2.331797068662175287e-01,5.030164019219565574e+00,1.565154860939804715e-02,6.747327991567633187e-01,1.159843324738655035e+00,-2.454065225716182356e-03,2.500000000000000000e-01
-7.271795101319452392e+00,-2.336268798990347728e-01,5.253278864178642316e+00,1.565154860939804715e-02,6.623861059959643693e-01,1.138997984219308091e+00,-2.454065225716182356e-03,2.500000000000000000e-01
-7.089578338447470429e+00,-2.340740525459081289e-01,5.314684384377919457e+00,9.588204107015642352e-03,6.570347615765637084e-01,1.119537989781555165e+00,-2.454065225716194065e-03,2.500000000000000000e-01
-6.907361575561386857e+00,-2.345212252805247699e-01,5.437495424776474628e+00,9.588204107015642352e-03,6.545854776850130730e-01,1.102342011965002699e+00,-2.454065225715887453e-03,2.500000000000000000e-01
-6.725144812678288453e+00,-2.349683979965280223e-01,5.560306465175028912e+00,9.588204107015642352e-03,6.548640580286057000e-01,1.090975980692273195e+00,-2.454065225716182356e-03,2.500000000000000000e-01
-6.542928049794638490e+00,-2.354155707160103805e-01,5.683117505573583195e+00,9.588204107015642352e-03,6.581515760720494379e-01,1.085333449038915044e+00,-2.454065225716194065e-03,2.500000000000000000e-01
-6.360711286911057805e+00,-2.358627434350196173e-01,5.805928545972138366e+00,9.588204107015642352e-03,6.625142134589456777e-01,1.086727994737805902e+00,-2.454065225716170646e-03,2.500000000000000000e-01
-6.178494524027485113e+00,-2.363099161540173354e-01,5.928739586370692649e+00,9.588204107015642352e-03,6.660242930637627623e-01,1.088980587368023167e+00,-2.454065225715899162e-03,2.500000000000000000e-01
-5.996277761143898211e+00,-2.367570888730592960e-01,5.952106099265787265e+00,3.652323065484109742e-03,6.663574394688575042e-01,1.083091884877111388e+00,-2.454065225716182356e-03,2.500000000000000000e-01
-5.814060998260323743e+00,-2.372042615920773034e-01,5.998839125055976496e+00,3.652323065484109742e-03,6.630951292717398582e-01,1.066356662794781363e+00,-2.454065225716182356e-03,2.500000000000000000e-01
-5.631844235376739505e+00,-2.376514343111052752e-01,6.045572150846165727e+00,3.652323065484109742e-03,6.570442872661373945e-01,1.047594209396006448e+00,-2.454065225716194065e-03,2.500000000000000000e-01
-5.449627472493163260e+00,-2.380986070301293611e-01,6.092305176636354958e+00,3.652323065484109742e-03,6.489964879954382981e-01,1.036038127654811181e+00,-2.454065225716182356e-03,2.500000000000000000e-01
-5.267410709609579023e+00,-2.385457797491558340e-01,6.139038202426544188e+00,3.652323065484109742e-03,6.397420071117210227e-01,1.030072967603532952e+00,-2.454065225715887453e-03,2.500000000000000000e-01
-5.085193946726001002e+00,-2.389929524681772000e-01,6.185771228216733419e+00,3.652323065484109742e-03,6.300640807970411261e-01,1.031950542002142424e+00,-2.454065225716182356e-03,2.500000000000000000e-01
-4.902977183842424758e+00,-2.394401251872173286e-01,6.209137741111828035e+00,-1.462494739732434976e-03,6.207326350108208768e-01,1.033702677727227348e+00,-2.454065225716194065e-03,2.500000000000000000e-01
-4.720760420958819203e+00,-2.398872979061847099e-01,6.185482874951968135e+00,-1.462494739732434976e-03,6.123938740672091319e-01,1.027684579272919008e+00,-2.454065225716182356e-03,2.500000000000000000e-01
-4.538543658075345988e+00,-2.403344706254311736e-01,6.161828008792109124e+00,-1.462494739732434976e-03,6.022107001943189930e-01,1.012258463678336717e+00,-2.454065225716182356e-03,2.500000000000000000e-01
-4.356326895191350523e+00,-2.407816433436208992e-01,6.138173142632249224e+00,-1.462494739732434976e-03,5.932808073661638426e-01,9.923184037764561927e-01,-2.454065225715887453e-03,2.500000000000000000e-01
-4.174110132309332144e+00,-2.412288160657663771e-01,6.114518276472389324e+00,-1.462494739732434976e-03,5.859072793598579798e-01,9.719767553372601343e-01,-2.454065225716194065e-03,2.500000000000000000e-01
-3.991893369419968085e+00,-2.416759887732587708e-01,6.090863410312530313e+00,-1.462494739732434976e-03,5.803602056162943112e-01,9.542180989644797329e-01,-2.454065225716182356e-03,2.500000000000000000e-01
-3.809676606557568679e+00,-2.421231615344962285e-01,6.067208544152670413e+00,-1.462494739732434976e-03,5.763095992012757796e-01,9.384131127598879241e-01,-2.454065225716182356e-03,2.500000000000000000e-01
-3.627459843597183653e+00,-2.425703341004748215e-01,6.017680745620745064e+00,-3.034254228102984102e-03,5.709022134594941011e-01,9.310488605034298315e-01,-2.454065225716182356e-03,2.500000000000000000e-01
-3.445243080989472961e+00,-2.430175073691962506e-01,5.918625148556893478e+00,-3.034254228102984102e-03,5.678392658099342682e-01,9.270133413719190418e-01,-2.454065225715899162e-03,2.500000000000000000e-01
-3.263026317124458675e+00,-2.434646781326385567e-01,5.819569551493042781e+00,-3.034254228102984102e-03,5.671840430581207571e-01,9.288289739594816075e-01,-2.454065225716182356e-03,2.500000000000000000e-01
-3.080809557698034773e+00,-2.439118577402949184e-01,5.720513954429191195e+00,-3.034254228102984102e-03,5.682662449967983420e-01,9.292345874258802763e-01,-2.454065225716182356e-03,2.500000000000000000e-01
-2.898592782763385500e+00,-2.443590064467266176e-01,5.621458357365340497e+00,-3.034254228102984102e-03,5.676013325995499237e-01,9.216582553141894341e-01,-2.454065225716182356e-03,2.500000000000000000e-01
-2.716376061414065290e+00,-2.448062619256315686e-01,5.522402760301488911e+00,-3.034254228102984102e-03,5.690009060520484496e-01,9.061267842401656836e-01,-2.454065225715899162e-03,2.500000000000000000e-01
-2.534159157167848342e+00,-2.452531529698621093e-01,5.426963438485742586e+00,9.192548058029075724e-04,5.720751953921376920e-01,8.861659275878257525e-01,-2.454065225716182356e-03,2.500000000000000000e-01
-2.351942868613041693e+00,-2.457012708216382568e-01,5.236084794854250823e+00,9.192548058029075724e-04,5.763480836894832038e-01,8.653766968742815369e-01,-2.454065225716182356e-03,2.500000000000000000e-01
-2.169724540334037499e+00,-2.461453243824803794e-01,5.045206151222759061e+00,9.192548058029075724e-04,5.802446688634674832e-01,8.477363506233241974e-01,-2.454065225716194065e-03,2.500000000000000000e-01
-1.987512841823980025e+00,-2.466025882144948778e-01,4.854327507591267299e+00,9.192548058029075724e-04,5.813024888061320006e-01,8.325506609757211685e-01,-2.454065225716170646e-03,2.500000000000000000e-01
-1.805280095555229058e+00,-2.470179129379264649e-01,4.663448863959775537e+00,9.192548058029075724e-04,5.771035134956443713e-01,8.254103576996536518e-01,-2.454065225715899162e-03,2.500000000000000000e-01
-1.623112174603137170e+00,-2.475624065687533626e-01,4.568009542144029211e+00,1.143384481552549813e-02,5.660418384395102809e-01,8.239346128989762930e-01,-2.454065225716194065e-03,2.500000000000000000e-01
-1.440752687123718845e+00,-2.477251907024070610e-01,4.207544275834854020e+00,1.143384481552549813e-02,5.474910886555740541e-01,8.264424818866009659e-01,-2.454065225716170646e-03,2.500000000000000000e-01
-1.258925715736790574e+00,-2.489490498199498913e-01,3.847079009525678828e+00,1.143384481552549813e-02,5.262683201807247801e-01,8.246633717685926124e-01,-2.454065225716194065e-03,2.500000000000000000e-01
-1.075762780279776010e+00,-2.475109085320109648e-01,3.486613743216503636e+00,1.143384481552549813e-02,4.918155333148628849e-01,8.134507104456962789e-01,-2.454065225716170646e-03,0.000000000000000000e+00
-8.952983095185013118e-01,-2.514496437616482449e-01,3.306381110061916040e+00,3.761574093697497151e-02,4.666871081520486686e-01,7.912759236115864958e-01,-2.454065225715899162e-03,0.000000000000000000e+00
-7.899282809437851993e-01,-4.050089165981394790e-01,2.983828666037149802e+00,3.761574093697497151e-02,6.006902574458138355e-01,6.280656142416047860e-01,-2.454065225716194065e-03,0.000000000000000000e+00
-6.614183885687084929e-01,-5.124059439838002383e-01,2.661276222012383119e+00,3.761574093697497151e-02,6.884477455046216221e-01,5.121762327490089195e-01,-2.454065225716178453e-03,0.000000000000000000e+00
-4.712686438864597815e-01,-4.971487295427870490e-01,2.500000000000000000e+00,1.150401198210791176e-01,6.535025614608352962e-01,5.223323503422501179e-01,1.086982647904373711e-01,0.000000000000000000e+00
-2.910849441258011039e-01,-5.013282605735108755e-01,2.500000000000000000e+00,1.150401198210791176e-01,6.473720824125752671e-01,5.222593369668276919e-01,1.086982647904373572e-01,0.000000000000000000e+00
-1.083815856579958964e-01,-5.016985790234396170e-01,2.500000000000000000e+00,3.669813211466766978e-01,6.579010518780860073e-01,5.241927046354286635e-01,2.726448124577121046e-01,0.000000000000000000e+00
7.299838265333857823e-02,-4.886237383787140898e-01,2.500000000000000000e+00,1.108759828430227357e+00,6.833701305702425399e-01,5.283898289923419922e-01,2.051610574274074783e-01,0.000000000000000000e+00
2.544070535583610182e-01,-4.702973424310339379e-01,2.500000000000000000e+00,1.926898210146039903e+00,7.395127323302578271e-01,5.297647619839401800e-01,4.903465350546042378e-01,0.000000000000000000e+00
4.335104189939353869e-01,-4.371260454672162843e-01,2.500000000000000000e+00,1.489158923252352773e+00,8.086296560878902806e-01,5.458706368985634105e-01,7.633939579427027056e-01,0.000000000000000000e+00
6.027953196585587037e-01,-3.708037406380911838e-01,2.500000000000000000e+00,1.044689178062314872e+00,8.803683082075814959e-01,6.005121683373916275e-01,1.011368376347492992e+00,0.000000000000000000e+00
7.438802005967707354e-01,-2.548188769768095496e-01,2.500000000000000000e+00,8.077199402960133501e-01,9.286047483055434038e-01,7.137095433727803639e-01,1.190337166723605788e+00,0.000000000000000000e+00
8.511564126119084417e-01,-1.074916589698388103e-01,2.500000000000000000e+00,7.937838486773246549e-01,9.601088324487564440e-01,8.617783412702666457e-01,1.336626007881272171e+00,0.000000000000000000e+00
9.301098984462073949e-01,5.677775476357332929e-02,2.500000000000000000e+00,7.419271758809079520e-01,9.926575409249004389e-01,1.027781589820970343e+00,1.451802784688150050e+00,0.000000000000000000e+00
9.845172946478193410e-01,2.307118650155540462e-01,2.500000000000000000e+00,6.541164634970980662e-01,1.029532961662580348e+00,1.202410889002778260e+00,1.546124484420634992e+00,0.000000000000000000e+00
1.014624783997275737e+00,4.103310900495820701e-01,2.500000000000000000e+00,6.323109677240410509e-01,1.065733997516495890e+00,1.383079021581358647e+00,1.645296660229395025e+00,0.000000000000000000e+00
1.022117073358917105e+00,5.923536693509813267e-01,2.500000000000000000e+00,6.888949537721745786e-01,1.109386668671597187e+00,1.437669055830892662e+00,1.747074371901036649e+00,0.000000000000000000e+00
1.008318696220636301e+00,7.740071332197622223e-01,2.500000000000000000e+00,7.676203549292214268e-01,1.151511591426075620e+00,1.268606504766585763e+00,1.844399599490159192e+00,0.000000000000000000e+00
9.697955605739014828e-01,9.520409896484115508e-01,2.500000000000000000e+00,9.201475847564370980e-01,1.192632498851025735e+00,1.110330762927756565e+00,1.932347237381814908e+00,0.000000000000000000e+00
9.048617244597655374e-01,1.122189276636087252e+00,2.500000000000000000e+00,1.162438780237048608e+00,1.223638195387166450e+00,9.686409204082463420e-01,2.065967169429843153e+00,0.000000000000000000e+00
8.059430325583603061e-01,1.275906649058369924e+00,2.500000000000000000e+00,1.183151968506048979e+00,1.231026708962418281e+00,8.566000579616832589e-01,2.399064903238714574e+00,0.000000000000000000e+00
6.756851368712568640e-01,1.404826460380391051e+00,2.500000000000000000e+00,8.226040999454409253e-01,1.211371389618820071e+00,7.812051967713721234e-01,2.619692339958505478e+00,0.000000000000000000e+00
5.232878362759607604e-01,1.504432668471451962e+00,2.500000000000000000e+00,4.714438410066699170e-01,1.165899354155497614e+00,7.484702229770785475e-01,2.684218251388260423e+00,0.000000000000000000e+00
3.567832552610488706e-01,1.578306108417794951e+00,2.500000000000000000e+00,2.609000007036116897e-01,1.100599720600933917e+00,7.456400023478872985e-01,2.724211762295039918e+00,0.000000000000000000e+00
