-2.059486548087599, 3.6434122242973004, 6.221506110282908, -0.0005866285949115197, 1.4896534896409377, 1.3537234262666666, 2.777899613005956, 0.0
-2.159486548087599, 3.681474725018063, 6.29010824779683, -0.0005866285949115197, 1.4955036216304767, 1.3608250391368366, 2.777899613005956, 0.0
-2.259486548087599, 3.7195372257388257, 6.358710385310753, -0.0005866285949115197, 1.5007645571812662, 1.369779018537832, 2.777899613005956, 0.0
-2.3594865480875993, 3.7575997264595884, 6.427312522824677, -0.0005866285949115197, 1.5055185130039712, 1.3802754071088894, 2.777899613005956, 0.0
-2.4594865480875994, 3.795662227180351, 6.495914660338599, -0.0005866285949115197, 1.509847106776416, 1.3919991462178767, 2.777899613005956, 0.0
-2.5594865480875995, 3.8337247279011137, 6.564516797852521, -0.0005866285949115197, 1.5138313126370209, 1.4044333179395834, 2.777899613005956, 0.0
-2.6594865480875995, 3.8717872286218764, 6.633118935366444, -0.0005866285949115197, 1.516901073786071, 1.4168054121234914, 2.8720686653801546, 0.0
-2.6972714851740145, 3.8717872286218764, 6.633118935366444, -0.001137373348015902, 1.5040138169446282, 1.4339831985072313, 2.8557113478761225, 0.0
-2.7972714851740146, 3.9122867413434164, 6.697196177806409, -0.001137373348015902, 1.5094104555674162, 1.4435010771050691, 2.7567875632021885, 0.0
-2.8972714851740147, 3.952786254064956, 6.761273420246373, -0.001137373348015902, 1.5147914224326344, 1.4485322023326332, 2.7567875632021885, 0.0
-2.9972714851740148, 3.993285766786496, 6.825350662686338, -0.001137373348015902, 1.5202271327378367, 1.448508268503088, 2.7567875632021885, 0.0
-3.097271485174015, 4.033785279508035, 6.889427905126302, -0.001137373348015902, 1.5256770514438525, 1.44649520477568, 2.7567875632021863, 0.0
-3.197271485174015, 4.074284792229576, 6.953505147566267, -0.001137373348015902, 1.5310228433116178, 1.4447407956979803, 2.7567875632021863, 0.0
-3.297271485174015, 4.114784304951115, 7.017582390006231, -0.001137373348015902, 1.535591262116801, 1.4445226710529868, 2.910373456526314, 0.0
-3.3692952405333907, 4.114784304951115, 7.017582390006231, -0.002499859782546551, 1.5110106390767224, 1.472609479279829, 2.897412661392674, 0.0
-3.469295240533391, 4.157644295630145, 7.076598932074172, -0.002499859782546551, 1.5172637890324945, 1.4733913154582337, 2.7366768083678883, 0.0
-3.569295240533391, 4.200504286309173, 7.135615474142114, -0.002499859782546551, 1.521758747692376, 1.4772657076747462, 2.7366768083678883, 0.0
-3.669295240533391, 4.243364276988203, 7.194632016210054, -0.002499859782546551, 1.5254488914268933, 1.4833952757613285, 2.7366768083678843, 0.0
-3.769295240533391, 4.286224267667232, 7.2536485582779955, -0.002499859782546551, 1.52821457698662, 1.4908766291182316, 2.7366768083678883, 0.0
-3.869295240533391, 4.329084258346261, 7.312665100345937, -0.002499859782546551, 1.5294536833844985, 1.498806324213582, 2.7366768083678883, 0.0
-3.9692952405333912, 4.37194424902529, 7.371681642413878, -0.002499859782546551, 1.5288461822055388, 1.5062811770962985, 2.7460688413512657, 0.0
-3.9719473051653313, 4.37194424902529, 7.371681642413878, -0.002554178639905314, 1.5277586709193205, 1.5074569567223661, 2.7803593440844168, 0.0
-4.071947305165331, 4.410727384674413, 7.417716602263676, -0.002554178639905314, 1.5229321468046917, 1.517331845293427, 2.7716203000255866, 0.0
-4.171947305165331, 4.4495105203235354, 7.4637515621134725, -0.002554178639905314, 1.5178221986490346, 1.525539122472303, 2.7716203000255866, 0.0
-4.27194730516533, 4.488293655972658, 7.50978652196327, -0.002554178639905314, 1.5126674125708173, 1.5309194337832368, 2.7716203000255866, 0.0
-4.37194730516533, 4.527076791621781, 7.555821481813067, -0.002554178639905314, 1.5077065111958485, 1.5351616069725411, 2.7716203000255866, 0.0
-4.47194730516533, 4.565859927270903, 7.601856441662864, -0.002554178639905314, 1.5031783030477621, 1.5383626988283396, 2.7716203000255866, 0.0
-4.571947305165329, 4.604643062920026, 7.647891401512661, -0.002554178639905314, 1.499321629159009, 1.53986817735763, 2.7716203000255866, 0.0
-4.671947305165329, 4.6434261985691485, 7.693926361362458, -0.002554178639905314, 1.496375306748152, 1.5405751326151753, 2.853309563741034, 0.0
-4.702731078831077, 4.6434261985691485, 7.693926361362458, -0.00011258204735421906, 1.4849880835349731, 1.5517414294556662, 2.8426300294101408, 0.0
-4.802731078831076, 4.683733754035157, 7.734317649109096, -0.00011258204735421906, 1.484756353299319, 1.5510897325911521, 2.7584377513091862, 0.0
-4.902731078831076, 4.724041309501165, 7.774708936855733, -0.00011258204735421906, 1.485918231571055, 1.5506635443857897, 2.7584377513091862, 0.0
-5.002731078831076, 4.7643488649671735, 7.815100224602371, -0.00011258204735421906, 1.4886009427619573, 1.55075474053825, 2.7584377513091862, 0.0
-5.102731078831075, 4.804656420433181, 7.855491512349007, -0.00011258204735421906, 1.492588122322206, 1.5513404563441957, 2.7584377513091862, 0.0
-5.202731078831075, 4.84496397589919, 7.895882800095645, -0.00011258204735421906, 1.497596810277869, 1.552008066366299, 2.7584377513091862, 0.0
-5.302731078831075, 4.8852715313651975, 7.936274087842282, -0.00011258204735421906, 1.5033440485780951, 1.5520802624977617, 2.7584377513091862, 0.0
-5.402731078831074, 4.925579086831206, 7.97666537558892, -0.00011258204735421906, 1.5095469594961528, 1.5498297232993852, 2.88831209904821, 0.0
-5.458455322215731, 4.925579086831206, 7.97666537558892, 0.0028404247434656595, 1.4922741468908896, 1.5693394176417437, 2.881605659005736, 0.0
-5.558455322215731, 4.967002921567088, 8.010092584102164, 0.0028404247434656595, 1.4999831616809505, 1.5627068066229848, 2.7488724167678464, 0.0
-5.6584553222157306, 5.0084267563029705, 8.043519792615408, 0.0028404247434656595, 1.5066954368947483, 1.5547365537213207, 2.7488724167678464, 0.0
-5.75845532221573, 5.049850591038853, 8.076947001128653, 0.0028404247434656595, 1.5126715179762096, 1.5447219995594361, 2.7488724167678504, 0.0
-5.85845532221573, 5.091274425774734, 8.110374209641897, 0.0028404247434656595, 1.5176972723364985, 1.5332396469032485, 2.7488724167678504, 0.0
-5.9584553222157295, 5.132698260510616, 8.14380141815514, 0.0028404247434656595, 1.5212973497932474, 1.5214955642312804, 2.7488724167678464, 0.0
-6.058455322215729, 5.174122095246498, 8.177228626668386, 0.0028404247434656595, 1.5220928971718157, 1.5100072588079383, 2.7488724167678464, 0.0
-6.158455322215729, 5.2155459299823805, 8.21065583518163, 0.0028404247434656595, 1.5219183657277497, 1.4992923410767707, 2.913333151932868, 0.0
-6.236769460203535, 5.2155459299823805, 8.21065583518163, 0.0068685824927131435, 1.4911827885750433, 1.5234994430320599, 2.90976425454854, 0.0
-6.336769460203534, 5.2576410528257504, 8.243496686824361, 0.0068685824927131435, 1.489975497281876, 1.5139784492259964, 2.7431563440715667, 0.0
-6.436769460203534, 5.299736175669121, 8.276337538467091, 0.0068685824927131435, 1.4882893988708126, 1.5058472456146652, 2.7431563440715667, 0.0
-6.5367694602035336, 5.341831298512491, 8.309178390109823, 0.0068685824927131435, 1.4862870862808983, 1.4985661564445216, 2.7431563440715707, 0.0
-6.636769460203533, 5.383926421355861, 8.342019241752553, 0.0068685824927131435, 1.4841313194673613, 1.4902605182082433, 2.7431563440715707, 0.0
-6.736769460203533, 5.426021544199231, 8.374860093395284, 0.0068685824927131435, 1.4816145591473633, 1.4797357977722554, 2.7431563440715667, 0.0
-6.8367694602035325, 5.468116667042602, 8.407700945038014, 0.0068685824927131435, 1.4793565789220195, 1.4664670463364011, 2.7431563440715667, 0.0
-6.936769460203532, 5.510211789885972, 8.440541796680746, 0.0068685824927131435, 1.4775730258812445, 1.451110166748497, 2.9313155763063805, 0.0
-7.033999013079535, 5.510211789885972, 8.440541796680746, 0.006683387729110131, 1.4389860847331064, 1.475822628684467, 2.933457137802845, 0.0
-7.133999013079535, 5.551865493845422, 8.454126952146796, 0.006683387729110131, 1.4378582813647538, 1.4612858834936715, 2.7469119904427304, 0.0
-7.233999013079535, 5.593519197804871, 8.467712107612847, 0.006683387729110131, 1.4373362576542092, 1.4479418645986448, 2.7469119904427304, 0.0
-7.333999013079534, 5.635172901764321, 8.481297263078897, 0.006683387729110131, 1.4374774646866595, 1.435834336204333, 2.7469119904427304, 0.0
-7.433999013079534, 5.67682660572377, 8.494882418544949, 0.006683387729110131, 1.4383391549273552, 1.4245832769121232, 2.7469119904427304, 0.0
-7.533999013079534, 5.71848030968322, 8.508467574010998, 0.006683387729110131, 1.4399783647554156, 1.4137988604255933, 2.7469119904427304, 0.0
-7.633999013079533, 5.760134013642669, 8.52205272947705, 0.006683387729110131, 1.4424518990399662, 1.403090886801397, 2.7469119904427304, 0.0
-7.733999013079533, 5.801787717602119, 8.5356378849431, 0.006683387729110131, 1.445816318225709, 1.3920709726863476, 2.7528470731282355, 0.0
-7.735695283836975, 5.801787717602119, 8.5356378849431, 0.007444977483067032, 1.445256378399933, 1.3925335020501994, 2.7915146928343413, 0.0
-7.835695283836975, 5.838918739235486, 8.535233886542494, 0.007444977483067032, 1.44529943468711, 1.3852456527859556, 2.786060779756652, 0.0
-7.935695283836974, 5.8760497608688524, 8.53482988814189, 0.007444977483067032, 1.4463309665667263, 1.3771167135741742, 2.786060779756656, 0.0
-8.035695283836974, 5.913180782502218, 8.534425889741286, 0.007444977483067032, 1.448405325005336, 1.367946135505473, 2.786060779756656, 0.0
-8.135695283836974, 5.950311804135585, 8.53402189134068, 0.007444977483067032, 1.4514119175671754, 1.3557574904987133, 2.786060779756652, 0.0
-8.235695283836973, 5.987442825768952, 8.533617892940075, 0.007444977483067032, 1.4549579718644021, 1.3417959006724354, 2.786060779756656, 0.0
-8.335695283836973, 6.024573847402317, 8.533213894539472, 0.007444977483067032, 1.4586235632704123, 1.3263520443840704, 2.786060779756656, 0.0
-8.435695283836973, 6.061704869035684, 8.532809896138867, 0.007444977483067032, 1.461989452210486, 1.3089609092709154, 2.786060779756652, 0.0
-8.535695283836972, 6.098835890669051, 8.532405897738261, 0.007444977483067032, 1.4636741511289433, 1.2905753778328488, 2.8069118550898735, 0.0
-8.542466253853105, 6.098835890669051, 8.532405897738261, 0.02435618209342498, 1.4612472014443587, 1.2916846707451943, 2.826642621554125, 0.0
-8.642466253853105, 6.133621250357415, 8.50466121876708, 0.02435618209342498, 1.4585501769958427, 1.2754271673144235, 2.806831275586264, 0.0
-8.742466253853104, 6.168406610045778, 8.476916539795896, 0.02435618209342498, 1.45246192644522, 1.2591083428922654, 2.806831275586264, 0.0
-8.842466253853104, 6.203191969734142, 8.449171860824713, 0.02435618209342498, 1.4413728332593334, 1.2427528141501658, 2.806831275586264, 0.0
-8.942466253853103, 6.237977329422506, 8.421427181853531, 0.02435618209342498, 1.425342816722469, 1.226382103250438, 2.806831275586268, 0.0
-9.042466253853103, 6.272762689110869, 8.39368250288235, 0.02435618209342498, 1.4076842875437083, 1.2100177460603172, 2.806831275586268, 0.0
-9.142466253853103, 6.307548048799233, 8.365937823911166, 0.02435618209342498, 1.3891129847905381, 1.1936812899766418, 2.806831275586264, 0.0
-9.242466253853102, 6.342333408487597, 8.338193144939982, 0.02435618209342498, 1.3703454573935472, 1.177388683611844, 2.806831275586264, 0.0
-9.342466253853102, 6.3771187681759605, 8.3104484659688, 0.02435618209342498, 1.352099034216678, 1.1611344039465132, 2.828944799587823, 0.0
-9.350077728579556, 6.3771187681759605, 8.3104484659688, 0.04317586932589055, 1.3486411804428453, 1.1626519656729863, 2.869300720684365, 0.0
-9.450077728579556, 6.407166817875989, 8.23584774135187, 0.04317586932589055, 1.3274269734097737, 1.1510929084545385, 2.8496950944941775, 0.0
-9.550077728579556, 6.437214867576017, 8.161247016734942, 0.04317586932589055, 1.3081591405247794, 1.1395436046038177, 2.8496950944941775, 0.0
-9.650077728579555, 6.467262917276046, 8.086646292118012, 0.04317586932589055, 1.2915561559088693, 1.1279927917564019, 2.8496950944941735, 0.0
-9.750077728579555, 6.497310966976075, 8.012045567501083, 0.04317586932589055, 1.278007870151659, 1.1164348279225496, 2.8496950944941775, 0.0
-9.850077728579555, 6.527359016676103, 7.937444842884153, 0.04317586932589055, 1.2650845268449489, 1.1050558072651275, 2.8496950944941775, 0.0
-9.950077728579554, 6.557407066376132, 7.8628441182672235, 0.04317586932589055, 1.2556643790886597, 1.0942754825591319, 2.8496950944941775, 0.0
-10.050077728579554, 6.58745511607616, 7.788243393650294, 0.04317586932589055, 1.2494026416892825, 1.0845278692988456, 2.8496950944941775, 0.0
-10.150077728579554, 6.6175031657761885, 7.713642669033365, 0.04317586932589055, 1.2455262907134514, 1.0762470481153732, 2.8617332287437955, 0.0
-10.15462827381541, 6.6175031657761885, 7.713642669033365, 0.04886472605128175, 1.244245084916476, 1.0773103531647874, 2.9003964992428535, 0.0
-10.25462827381541, 6.6432210172281145, 2.5, 0.04886472605128175, 1.237021380319563, 1.0751471225822713, 2.8898692362646763, 0.0
-10.35462827381541, 6.66893886868004, 2.5, 0.04886472605128175, 1.2322138520951018, 1.0749402966732513, 2.8898692362646807, 0.0
-10.454628273815409, 6.694656720131965, 2.5, 0.04886472605128175, 1.2294628086229948, 1.0761885071664758, 2.8898692362646763, 0.0
-10.554628273815409, 6.720374571583891, 2.5, 0.04886472605128175, 1.2284090467736404, 1.0783399442125705, 2.8898692362646723, 0.0
-10.654628273815408, 6.746092423035817, 2.5, 0.04886472605128175, 1.2286938261007843, 1.0808427983204425, 2.8898692362646763, 0.0
-10.754628273815408, 6.771810274487742, 2.5, 0.04886472605128175, 1.2299588425119632, 1.0831453111325262, 2.8898692362646807, 0.0
-10.854628273815408, 6.797528125939667, 2.5, 0.04886472605128175, 1.2318462066747324, 1.0847372372233002, 2.8898692362646763, 0.0
-10.954628273815407, 6.823245977391593, 2.5, 0.04886472605128175, 1.2339985300371115, 1.085671428238377, 3.0049384427873487, 0.0
-11.041651881726574, 6.823245977391593, 2.5, 0.05088185860293671, 1.2141321638061373, 1.1079945124409718, 3.0164101459559256, 0.0
-11.141651881726574, 6.846781127355091, 2.5, 0.05088185860293671, 1.214316478509473, 1.111057129470547, 2.910447615304271, 0.0
-11.241651881726574, 6.8703162773185875, 2.5, 0.05088185860293671, 1.2145006500124, 1.1148537742767692, 2.910447615304271, 0.0
-11.341651881726573, 6.893851427282085, 2.5, 0.05088185860293671, 1.2147306255750974, 1.1198523994262362, 2.910447615304271, 0.0
-11.441651881726573, 6.917386577245582, 2.5, 0.05088185860293671, 1.2150525335901963, 1.1263373055240873, 2.910447615304271, 0.0
-11.541651881726573, 6.940921727209079, 2.5, 0.05088185860293671, 1.215512700800966, 1.133668798137101, 2.910447615304271, 0.0
-11.641651881726572, 6.964456877172576, 2.5, 0.05088185860293671, 1.2161576731815256, 1.1409172085399555, 2.910447615304271, 0.0
-11.741651881726572, 6.987992027136073, 2.5, 0.05088185860293671, 1.2170342401505971, 1.1471528057468372, 2.9812008119195452, 0.0
-11.787126767325658, 6.987992027136073, 2.5, 0.05353055609279787, 1.20616918276785, 1.1598798264915684, 3.0210680902064246, 0.0
-11.887126767325658, 7.00561071763648, 2.5, 0.05353055609279787, 1.2017301281062376, 1.1683913925899574, 2.967195583548932, 0.0
-11.987126767325657, 7.023229408136887, 2.5, 0.05353055609279787, 1.1976468805041487, 1.1728215157120603, 2.967195583548932, 0.0
-12.087126767325657, 7.040848098637293, 2.5, 0.05353055609279787, 1.1939657664117784, 1.1751415483288878, 2.967195583548928, 0.0
-12.187126767325656, 7.058466789137701, 2.5, 0.05353055609279787, 1.1907267687060952, 1.1753772634654993, 2.967195583548928, 0.0
-12.287126767325656, 7.076085479638108, 2.5, 0.05353055609279787, 1.1879249407041903, 1.1748802619544054, 2.967195583548932, 0.0
-12.387126767325656, 7.093704170138515, 2.5, 0.05353055609279787, 1.1855358421950695, 1.1743005959953985, 2.967195583548932, 0.0
-12.487126767325655, 7.111322860638921, 2.5, 0.05353055609279787, 1.183533462603307, 1.1735876918425234, 3.0517421155478615, 0.0
-12.582687670462693, 7.111322860638921, 2.5, 0.05425861318104088, 1.1656132103770325, 1.189520852460962, 3.0680751647902644, 0.0
-12.682687670462693, 7.125725965234451, 2.5, 0.05425861318104088, 1.161144121958359, 1.1915454979662807, 2.9985453634938963, 0.0
-12.782687670462693, 7.14012906982998, 2.5, 0.05425861318104088, 1.1569784311214684, 1.1932632351175387, 2.9985453634938963, 0.0
-12.882687670462692, 7.154532174425509, 2.5, 0.05425861318104088, 1.1530887650443098, 1.1946332524405645, 2.9985453634938963, 0.0
-12.982687670462692, 7.1689352790210386, 2.5, 0.05425861318104088, 1.149448799486427, 1.1959655075239288, 2.9985453634938963, 0.0
-13.082687670462692, 7.183338383616568, 2.5, 0.05425861318104088, 1.146034332399648, 1.197901463646927, 2.9985453634938963, 0.0
-13.182687670462691, 7.197741488212097, 2.5, 0.05425861318104088, 1.1428249222245417, 1.2010957608178605, 3.036230732505358, 0.0
-13.218882683129102, 7.197741488212097, 2.5, 0.051004105910951225, 1.1355023898702048, 1.2067062755673443, 3.0729668947017497, 0.0
-13.318882683129102, 7.207102674414916, 2.5, 0.051004105910951225, 1.1275818605922414, 1.2168154873311021, 3.048252808634681, 0.0
-13.418882683129102, 7.216463860617735, 2.5, 0.051004105910951225, 1.1206178040063235, 1.2286579912111901, 3.048252808634681, 0.0
-13.518882683129101, 7.225825046820554, 2.5, 0.051004105910951225, 1.1146731697248706, 1.241323652383157, 3.0482528086346856, 0.0
-13.618882683129101, 7.235186233023373, 2.5, 0.051004105910951225, 1.1088707645293698, 1.2569724957620527, 3.048252808634681, 0.0
-13.7188826831291, 7.244547419226192, 2.5, 0.051004105910951225, 1.1054299692223568, 1.2747906333338113, 3.048252808634681, 0.0
-13.8188826831291, 7.253908605429011, 2.5, 0.051004105910951225, 1.1050733605906904, 1.2935892734339944, 3.0862283054658546, 0.0
-13.887793180483024, 7.253908605429011, 2.5, 0.05298213639527142, 1.0989364497353311, 1.312320363810035, 3.0986344171180367, 0.0
-13.987793180483024, 7.261169169305726, 2.5, 0.05298213639527142, 1.1001136697312226, 1.3328537397535543, 3.0691141949153202, 0.0
-14.087793180483024, 7.2684297331824395, 2.5, 0.05298213639527142, 1.1058513045443026, 1.3499110083237986, 3.0691141949153202, 0.0
-14.187793180483023, 7.275690297059154, 2.5, 0.05298213639527142, 1.111513250478936, 1.3632429248924556, 3.0691141949153202, 0.0
-14.287793180483023, 7.282950860935868, 2.5, 0.05298213639527142, 1.122723235718418, 1.3729227455775677, 3.0691141949153202, 0.0
-14.387793180483023, 7.290211424812583, 2.5, 0.05298213639527142, 1.137192842705608, 1.3820164903373613, 3.074246939347468, 0.0
-14.395440474865286, 7.290211424812583, 2.5, 0.08595377856952628, 1.1381041946602273, 1.3831744785010016, 3.1247323319822, 0.0
-14.495440474865285, 7.2920265648162, 2.5, 0.08595377856952628, 1.1503493805532843, 1.39796220376449, 3.1234432466270006, 0.0
-14.595440474865285, 7.293841704819817, 2.5, 0.08595377856952628, 1.1686749873743005, 1.4138927770653966, 3.123443246626996, 0.0
-14.695440474865284, 7.295656844823435, 2.5, 0.08595377856952628, 1.188412547129383, 1.4308068468995827, 3.123443246626996, 0.0
-14.795440474865284, 7.297471984827053, 2.5, 0.08595377856952628, 1.2148660295840474, 1.4476792167248647, 3.1234432466270006, 0.0
-14.895440474865284, 7.29928712483067, 2.5, 0.08595377856952628, 1.243022585102856, 1.4648636792925633, 3.129682426914607, 0.0
-14.947835070225917, 7.29928712483067, 2.5, 0.1547328753106883, 1.2589820152484905, 1.473810452782946, -3.09762404364365, 0.0
-15.047835070225917, 7.292582225028552, 2.5, 0.1547328753106883, 1.2883706794970906, 1.4977947058460632, -3.0746438598683494, 3.0
-15.147835070225916, 7.2858773252264335, 2.5, 0.1547328753106883, 1.3180979513278461, 1.517903627956529, -3.074643859868354, 3.0
-15.247835070225916, 7.279172425424316, 2.5, 0.1547328753106883, 1.3546052274239349, 1.5352617866899538, -3.074643859868354, 3.0
-15.347835070225916, 7.272467525622198, 2.5, 0.1547328753106883, 1.3938124155489204, 1.5492657133716876, -3.106669402646196, 3.0
-15.439746577869963, 7.272467525622198, 2.5, 0.24271283823887602, 1.4379738352163474, 1.5544379289414962, -3.027117599330317, 3.0
-15.539746577869963, 7.250401974776347, 2.5, 0.24271283823887602, 1.4726632099905343, 1.5809311062690963, -2.9244171881620025, 3.0
-15.639746577869962, 7.228336423930496, 2.5, 0.24271283823887602, 1.5077099090367543, 1.6065145164569006, -2.9244171881620025, 3.0
-15.739746577869962, 7.2062708730846445, 2.5, 0.24271283823887602, 1.5484504906213137, 1.63089371873053, -2.953596093771303, 3.0
-15.755732658722275, 7.2062708730846445, 2.5, 0.3736853979799168, 1.558263760585223, 1.630677783052335, -2.8618849436113942, 3.0
-15.855732658722275, 7.172955275536149, 2.5, 0.3736853979799168, 1.5927895051571503, 1.663488682847582, -2.8200017297488538, 3.0
-15.955732658722274, 7.139639677987653, 2.5, 0.3736853979799168, 1.6314367881918819, 1.6792233963346135, -2.8200017297488538, 3.0
-16.055732658722274, 7.106324080439158, 2.5, 0.3736853979799168, 1.6737752419539973, 1.5850795278778929, -2.8682817962306535, 3.0
-16.074578619887813, 7.106324080439158, 2.5, 0.7351377230954386, 1.6863476399721193, 1.56647590439286, -2.662799631234123, 3.0
-16.174578619887814, 7.044633792832462, 2.5, 0.7351377230954386, 1.7114905257059705, 1.4777015618562457, -2.588837189573322, 3.0
-16.274578619887816, 6.982943505225766, 2.5, 0.7351377230954386, 1.7409308765463336, 1.3898056325891526, -2.225924108941476, 3.0
-16.274578619887816, 6.9144809299114876, 2.5, 1.2846635228352248, 1.6944385118053698, 1.4050449161768828, -2.295612586356757, 3.0
-16.423773333982904, 6.814480929911488, 2.5, 1.2846635228352248, 1.7432145585427108, 1.282471856559628, -2.2380536702279152, 3.0
-16.423773333982904, 6.725099400766421, 2.5, 1.234685278420077, 1.6876870126511583, 1.3040940969267616, -2.052920227258627, 3.0
-16.52287922395349, 6.6250994007664215, 2.5, 1.234685278420077, 1.7069817090077006, 1.2310715175166274, -2.3042792213106664, 3.0
-16.52287922395349, 6.615129524218263, 2.5, 1.010926676106511, 1.7011361386597739, 1.2330503647581827, -1.8305135656358418, 3.0
-16.552100286820938, 6.515129524218263, 2.5, 1.010926676106511, 1.6693002847637766, 1.2183803182943402, -1.8550916780575375, 3.0
-16.581321349688384, 6.415129524218264, 2.5, 1.010926676106511, 1.6373311407959323, 1.1879096154364717, -1.7706228026045236, 3.0
-16.581321349688384, 6.370848917570312, 2.202771265724977, 0.642893808896111, 1.6139241734488923, 1.181874499414323, -1.666153596331166, 3.0
-16.59512140778032, 6.270848917570312, 2.393562891052552, 0.642893808896111, 1.5734434086083469, 1.15067101304787, -1.707930748482566, 3.0
-16.608921465872253, 6.1708489175703125, 2.584354516380127, 0.642893808896111, 1.5353320810543098, 1.1179184483083977, -1.649240852651874, 3.0
-16.608921465872253, 6.095288674169417, 2.584354516380127, 0.3022703663881616, 1.4983796333250485, 1.1036406129594654, -1.6075495401856363, 3.0
-16.615376775830768, 5.995288674169418, 2.740874619591342, 0.3022703663881616, 1.4569669505039269, 1.0804344377084676, -1.6352599834400379, 3.0
-16.62183208578928, 5.895288674169418, 2.897394722802557, 0.3022703663881616, 1.416956380887629, 1.0580633645524522, -1.6315357161093604, 3.0
-16.62183208578928, 5.889140594474988, 2.897394722802557, 0.12514643773482934, 1.4141826211756512, 1.0573770856048186, -1.5727909993412166, 3.0
-16.622043816730496, 5.789140594474988, 2.989035763008259, 0.12514643773482934, 1.37221155649091, 1.0438579969090753, -1.5729136330431104, 3.0
-16.622255547671713, 5.689140594474988, 3.0806768032139615, 0.12514643773482934, 1.3292688520129476, 1.0341106163721447, -1.5729136330431104, 3.0
-16.62246727861293, 5.589140594474989, 3.1723178434196635, 0.12514643773482934, 1.2895275423862536, 1.0267549723967122, -1.5723961788366176, 3.0
-16.62246727861293, 5.556796630750926, 3.1723178434196635, 0.03356924422879034, 1.2765654432434386, 1.0236835951358327, -1.571442151485649, 3.0
-16.62255274962426, 5.456796630750926, 3.2551494558932212, 0.03356924422879034, 1.2395422425756504, 1.0174010336275965, -1.5716510367000291, 3.0
-16.622638220635583, 5.356796630750926, 3.3379810683667794, 0.03356924422879034, 1.2030939976810977, 1.0106536739306071, -1.5716510367000291, 3.0
-16.62272369164691, 5.256796630750927, 3.420812680840337, 0.03356924422879034, 1.1682438468604786, 1.0020135716281153, -1.5713465899060604, 3.0
-16.62272369164691, 5.201469113845911, 3.420812680840337, 0.0041878424502179755, 1.1507422066161908, 0.9947932091610714, -1.5702643010783972, 3.0
-16.62264105340564, 5.101469113845911, 3.493840431750192, 0.0041878424502179755, 1.1183551115385162, 0.9797643778281281, -1.5699699445703246, 3.0
-16.622558415164374, 5.0014691138459115, 3.5668681826600466, 0.0041878424502179755, 1.0889655168518058, 0.9621433580571582, -1.5699699445703246, 0.0
-16.622475776923103, 4.901469113845912, 3.6398959335699015, 0.0041878424502179755, 1.0623072489109824, 0.9443501886174908, -1.5703218891078043, 0.0
-16.622475776923103, 4.827287683242189, 3.6398959335699015, 0.0077982377264382945, 1.0415663529439514, 0.9299883381910554, -1.569189283374969, 0.0
-16.622195859560208, 4.7272876832421895, 3.70294051978251, 0.0077982377264382945, 1.017449478472689, 0.9136444324892445, -1.5679971604767609, 0.0
-16.62191594219731, 4.62728768324219, 3.765985105995118, 0.0077982377264382945, 0.9962038269942902, 0.8998662635491733, -1.5679971604767609, 0.0
-16.621636024834416, 4.52728768324219, 3.8290296922077265, 0.0077982377264382945, 0.9751171100152136, 0.8889809607754341, -1.569323980908334, 0.0
-16.621636024834416, 4.437171241730788, 3.8290296922077265, 0.0121223234961421, 0.9585181878398291, 0.8791784050249142, -1.5648069075800826, 0.0
-16.620497324150286, 4.337171241730788, 3.8816258639275842, 0.0121223234961421, 0.9420687357851899, 0.8713583272634988, -1.5594098120766402, 0.0
-16.619358623466155, 4.237171241730788, 3.9342220356474424, 0.0121223234961421, 0.9284869170586537, 0.8651116838153559, -1.5594098120766402, 0.0
-16.618219922782025, 4.137171241730789, 3.9868182073673, 0.0121223234961421, 0.9161735045471509, 0.8597551096268534, -1.559864436450698, 0.0
-16.618219922782025, 4.133012190797212, 3.9868182073673, -0.007588432746773675, 0.9159416410867391, 0.8595216706983869, -1.558522913402716, 0.0
-16.61694147149685, 4.033012190797212, 4.019019777782584, -0.007588432746773675, 0.9055981453738989, 0.8545103973903747, -1.5580125103912008, 0.0
-16.61566302021168, 3.9330121907972115, 4.051221348197868, -0.007588432746773675, 0.8982669858376918, 0.849033705771971, -1.5580125103912188, 0.0
-16.61438456892651, 3.8330121907972114, 4.083422918613151, -0.007588432746773675, 0.8936987309042878, 0.8427934382399049, -1.5580125103912008, 0.0
-16.613106117641337, 3.7330121907972114, 4.115624489028435, -0.007588432746773675, 0.8912569270939483, 0.8359447094097026, -1.5590842789726487, 0.0
-16.613106117641337, 3.7238602433233554, 4.115624489028435, -0.02956560766785221, 0.8910972343821892, 0.8354982126295406, -1.582522006048088, 0.0
-16.6143860570281, 3.6238602433233553, 4.108166294654459, -0.02956560766785221, 0.892735767703403, 0.825667612736131, -1.5835950217798531, 0.0
-16.61566599641486, 3.5238602433233552, 4.100708100280482, -0.02956560766785221, 0.8950947851205112, 0.8155934830168777, -1.5835950217798354, 0.0
-16.61694593580162, 3.423860243323355, 4.0932499059065055, -0.02956560766785221, 0.8974383242485324, 0.8054580470453119, -1.5835950217798354, 0.0
-16.618225875188383, 3.323860243323355, 4.085791711532529, -0.02956560766785221, 0.8990198216451986, 0.7954409916791831, -1.5829855244912414, 0.0
-16.618225875188383, 3.3188594033695544, 4.085791711532529, 0.00138088600956465, 0.8991139989755649, 0.7952391270806075, -1.5848604882631119, 0.0
-16.61970272133078, 3.2188594033695543, 4.068812177983055, 0.00138088600956465, 0.8993780787706109, 0.7852276697335392, -1.5855637146555228, 0.0
-16.621179567473177, 3.1188594033695543, 4.051832644433581, 0.00138088600956465, 0.89507645161609, 0.7753803981648448, -1.5855637146555228, 0.0
-16.622656413615573, 3.018859403369554, 4.034853110884106, 0.00138088600956465, 0.8876904529876108, 0.765651102073666, -1.585563714655505, 0.0
-16.62413325975797, 2.918859403369554, 4.017873577334632, 0.00138088600956465, 0.8767646240835119, 0.7559935713581076, -1.5782820321631674, 0.0
-16.62413325975797, 2.8215742466305174, 4.017873577334632, 0.06637535362348834, 0.8609771834201817, 0.7479435540340272, -1.5590265588811159, 0.0
-16.621811152024115, 2.7215742466305173, 3.9928168700330113, 0.06637535362348834, 0.8396630491285613, 0.7420873560371897, -1.547579421850875, 0.0
-16.619489044290265, 2.621574246630517, 3.96776016273139, 0.06637535362348834, 0.8178032009759705, 0.736185012912732, -1.547579421850875, 0.0
-16.617166936556412, 2.521574246630517, 3.942703455429769, 0.06637535362348834, 0.7975311938631996, 0.7302373287444117, -1.5585008972986885, 0.0
-16.617166936556412, 2.432724339719244, 3.942703455429769, 0.11450475209017856, 0.7781940685893642, 0.7224648022609703, -1.5272389938177338, 0.0
-16.608935932219524, 2.332724339719244, 3.904305143528557, 0.11450475209017856, 0.7518718027252487, 0.7223333223505594, -1.4886714134168793, 0.0
-16.60070492788264, 2.232724339719244, 3.8659068316273446, 0.11450475209017856, 0.7297693080370029, 0.7221646146000984, -1.4886714134168793, 0.0
-16.59247392354575, 2.132724339719244, 3.8275085197261327, 0.11450475209017856, 0.7049996865504751, 0.7219616300068121, -1.5227723214314706, 0.0
-16.59247392354575, 2.061462580817933, 3.8275085197261327, 0.1705363724760086, 0.6998326039150218, 0.7156653020965839, -1.4822663743806472, 0.0
-16.577272393149435, 1.9614625808179331, 3.7545372856728783, 0.1705363724760086, 0.6746082442517496, 0.7223844119370963, -1.419936006842871, 0.0
-16.562070862753117, 1.861462580817933, 3.6815660516196242, 0.1705363724760086, 0.657821770352291, 0.7291564837445237, -1.4199360068428712, 0.0
-16.546869332356803, 1.761462580817933, 3.60859481756637, 0.1705363724760086, 0.6463649500915953, 0.7360173923985085, -1.465235642465337, 0.0
-16.546869332356803, 1.7179903718486331, 3.60859481756637, 0.2537598698023221, 0.6526778461283553, 0.73336340684452, -1.3887142063021154, 0.0
-16.5204530265121, 1.617990371848633, 3.5007791163796993, 0.2537598698023221, 0.6377873137161754, 0.7516009599835056, -1.3125327821665973, 0.0
-16.4940367206674, 1.517990371848633, 3.3929634151930284, 0.2537598698023221, 0.6394940083197049, 0.769994825720813, -1.3125327821665973, 0.0
-16.467620414822697, 1.4179903718486329, 3.285147714006358, 0.2537598698023221, 0.6446323145960263, 0.7885113603507036, -1.3262220208460542, 0.0
-16.467620414822697, 1.412143266690053, 3.285147714006358, 0.3307024471893533, 0.6468482108055651, 0.7883670559776141, -1.2449183660927305, 0.0
-16.431851959350787, 1.312143266690053, 3.146311669318394, 0.3307024471893533, 0.6606604772487379, 0.8162258278063217, -1.227292049256728, 0.0
-16.396083503878874, 1.212143266690053, 3.0074756246304295, 0.3307024471893533, 0.6844352290828225, 0.8433976224478645, -1.227292049256728, 0.0
-16.360315048406964, 1.1121432666900528, 2.8686395799424655, 0.3307024471893533, 0.7181429100753046, 0.8700558036106523, -1.355799384912337, 0.0
-16.360315048406964, 1.0483472948188641, 2.8686395799424655, 0.40523852738643784, 0.7625052348416809, 0.863926507193108, -1.1853776727686023, 0.0
-16.293861465604778, 0.9483472948188642, 2.630309196041438, 0.40523852738643784, 0.796571454659922, 0.9208642712519426, -0.9842703703892687, 0.0
-16.22740788280259, 0.8483472948188642, 2.391978812140411, 0.40523852738643784, 0.8375384724817034, 0.9748811067638519, -1.0455980125896478, 0.0
-16.22740788280259, 0.8336703190062529, 2.391978812140411, 0.5118023614889633, 0.8498529467904896, 0.9727529215713279, -0.9925518050055868, 0.0
-16.152562541844908, 0.7336703190062529, 2.1665745730339907, 0.5118023614889633, 0.9012137753138465, 1.032025138040009, -0.9282857708989244, 0.0
-16.077717200887225, 0.6336703190062529, 1.9411703339275705, 0.5118023614889633, 0.9660880687538469, 1.082520947446006, -1.1477454865082528, 0.0
-16.077717200887225, 0.5674348197031956, 1.9411703339275705, 0.6985152687416667, 1.0290550966316452, 1.0618409966328315, -0.7964417444440277, 0.0
-15.915113412551687, 0.46743481970319567, 1.68946285609518, 0.6985152687416667, 1.0806728136492403, 1.018921535322421, -0.6866340135718682, 0.0
-15.815113412551687, 0.3521803502054559, 1.68946285609518, 0.9813352853053007, 1.1785183076049572, 0.9240623370601194, -0.5755163493817161, 0.0
-15.737465121415696, 0.3521803502054559, 1.580726901996011, 1.2138322173107399, 1.1725938068183606, 0.9369256853984297, -0.338241142750262, 0.0
-15.637465121415696, 0.28969093586301076, 1.6042815135159583, 1.2138322173107399, 1.2314525072903606, 0.8908054060947453, -0.31887458355230974, 0.0
-15.548184055172854, 0.28969093586301076, 1.6042815135159583, 1.2400211521990188, 1.2310216040712445, 0.9036112507836843, -0.08147093247753741, 0.0
-15.448184055172854, 0.2742358212479665, 1.7391543725160021, 1.2400211521990188, 1.2535649287165567, 0.9025313476146373, -0.07965510717359214, 0.0
-15.354569181134703, 0.2742358212479665, 1.7391543725160021, 1.118353360515101, 1.267342570596887, 0.9156193345066559, 0.1345865731053907, 0.0
-15.254569181134704, 0.3004522660479756, 1.9371028585500962, 1.118353360515101, 1.2566835807360406, 0.9550423501267452, 0.13266569336014314, 0.0
-15.158117041921098, 0.3004522660479756, 1.9371028585500962, 0.9484097602048328, 1.2776374436326061, 0.9664003728932791, 0.3262389229686382, 0.0
-15.058117041921099, 0.3669175088178749, 2.0972190951130685, 0.9484097602048328, 1.2438550103252586, 1.0383717778619572, 0.32647495176844066, 0.0
-14.961817535482425, 0.3669175088178749, 2.0972190951130685, 0.7729674189952821, 1.2757154316119828, 1.034957361525405, 0.47823323414982266, 0.0
-14.861817535482425, 0.4686727506435675, 2.146988513574465, 0.7729674189952821, 1.219525444960395, 1.1203779435819032, 0.4948248433271672, 0.0
-14.773242814949676, 0.4686727506435675, 2.146988513574465, 0.6453050113361458, 1.2599953948200553, 1.10286325018124, 0.5951803058031512, 0.0
-14.673242814949676, 0.596353768821152, 2.170465284712652, 0.6453050113361458, 1.2042151820870197, 1.20549596918906, 0.6261226594164242, 0.0
-14.596690994822705, 0.596353768821152, 2.170465284712652, 0.6265241430539922, 1.2461272764758222, 1.1894209080438582, 0.7130129814829749, 0.0
-14.496690994822705, 0.7490324680254361, 2.205092951858515, 0.6265241430539922, 1.1895572309323956, 1.2149187927779805, 0.7581325442785071, 0.0
-14.43545098605497, 0.7490324680254361, 2.205092951858515, 0.6941912968634141, 1.2320267960015017, 1.1537712757266168, 0.4631640087722209, 0.0
-14.296448960593928, 0.8490324680254361, 2.232371757995956, 0.6941912968634141, 1.2677458625328342, 1.0217053195952677, 0.9126968842563129, 0.0
-14.296448960593928, 0.9288390753957724, 2.232371757995956, 0.7610419258498212, 1.2165549043469768, 1.0280408569351998, 1.2865847248746105, 0.0
-14.243923902916315, 1.0288390753957724, 2.226378912406777, 0.7610419258498212, 1.2006033945244143, 0.9832118510142133, 1.0871529109726763, 0.0
-14.191398845238702, 1.1288390753957724, 2.220386066817599, 0.7610419258498212, 1.1951606377238515, 0.9399314448404819, 1.1055113061192956, 0.0
-14.191398845238702, 1.1334605683173868, 2.220386066817599, 0.7899279760344206, 1.1930143635138433, 0.9405436077830256, 1.2706030867576752, 0.0
-14.159013472055435, 1.233460568317387, 2.1797104606906768, 0.7899279760344206, 1.1777168638360713, 0.9184587201180051, 1.2576015371447273, 0.0
-14.126628098872168, 1.333460568317387, 2.1390348545637545, 0.7899279760344206, 1.1663211214544638, 0.8965907835310691, 1.3004253294228776, 0.0
-14.126628098872168, 1.3503087956531892, 2.1390348545637545, 0.7724844468267673, 1.1602226053339268, 0.8980015834590761, 1.4665203289160027, 0.0
-14.11439927790785, 1.4503087956531893, 2.1132807523835044, 0.7724844468267673, 1.1402887432802888, 0.8934834921007094, 1.4491122878588591, 0.0
-14.102170456943533, 1.5503087956531894, 2.087526650203254, 0.7724844468267673, 1.128221499886602, 0.8862174276187066, 1.4690264706990221, 0.0
-14.102170456943533, 1.5700551907427824, 2.087526650203254, 0.589813011328492, 1.1231165009100048, 0.8871680442525436, 1.598392979573671, 0.0
-14.105475895786402, 1.6700551907427825, 2.0854170645545436, 0.589813011328492, 1.0990834456725571, 0.8891566775775342, 1.6038386847825443, 0.0
-14.108781334629269, 1.7700551907427826, 2.0833074789058337, 0.589813011328492, 1.0837896559473525, 0.8899807904794106, 1.597403470195614, 0.0
-14.108781334629269, 1.7942571292498504, 2.0833074789058337, 0.31887756774888826, 1.0822467701786185, 0.8893243265031457, 1.6504843105611313, 0.0
-14.11869974011812, 1.8942571292498505, 2.1480733120001347, 0.31887756774888826, 1.0647384155565534, 0.8971768087746457, 1.6696570477447332, 0.0
-14.12861814560697, 1.9942571292498505, 2.212839145094436, 0.31887756774888826, 1.0544030049730315, 0.9070520396040911, 1.644905322516446, 0.0
-14.12861814560697, 2.027847403584742, 2.212839145094436, 0.17186061471796066, 1.0563845288264344, 0.9072286525453179, 1.6874351402725163, 0.0
-14.144271004857941, 2.127847403584742, 2.308835925845574, 0.17186061471796066, 1.044383465856423, 0.9264866975020172, 1.7260650101880388, 0.0
-14.159923864108915, 2.227847403584742, 2.4048327065967126, 0.17186061471796066, 1.040730565738952, 0.9498023509061947, 1.6806102366100288, 0.0
-14.159923864108915, 2.2698138344696224, 2.4048327065967126, 0.051234734847018105, 1.0443737752140025, 0.9526885322685034, 1.706534180578581, 0.0
-14.179313311276415, 2.3698138344696225, 2.500278327061751, 0.051234734847018105, 1.0400341351182925, 0.9839279365823084, 1.7623143528864795, 0.0
-14.198702758443915, 2.4698138344696225, 2.595723947526789, 0.051234734847018105, 1.0372203442169936, 1.015396598454735, 1.6961299158113898, 0.0
-14.198702758443915, 2.523705655532973, 2.595723947526789, -0.10601000604544107, 1.0483609151179885, 1.0220653301615068, 1.6726674359506257, 0.0
-14.214434345984804, 2.623705655532973, 2.653462897491452, -0.10601000604544107, 1.0519376825579636, 1.0492605385740925, 1.7268333724476321, 0.0
-14.230165933525694, 2.723705655532973, 2.7112018474561155, -0.10601000604544107, 1.0572203293276154, 1.0598134921858877, 1.6658607515981463, 0.0
-14.230165933525694, 2.7886902849301265, 2.7112018474561155, -0.2660777470727561, 1.0716804510861648, 1.050047877195166, 1.615976360597061, 0.0
-14.237625020600479, 2.8886902849301266, 2.696944944532393, -0.2660777470727561, 1.0832825051936454, 1.044683248941676, 1.6452493213409791, 0.0
-14.245084107675265, 2.9886902849301267, 2.68268804160867, -0.2660777470727561, 1.0895381930079975, 1.0442348126247194, 1.6140268444646562, 0.0
-14.245084107675265, 3.06112494892431, 2.68268804160867, -0.4174089987295284, 1.0954212276312851, 1.0386930945253499, 1.511113260965933, 0.0
-14.234780441245318, 3.1611249489243103, 2.600741530069273, -0.4174089987295284, 1.1058883741666146, 1.0271975569155554, 1.4681219887303745, 0.0
-14.224476774815372, 3.2611249489243104, 2.5187950185298758, -0.4174089987295284, 1.1085793804389972, 1.023019526508589, 1.5091892605315862, 0.0
-14.224476774815372, 3.328161429275212, 2.5187950185298758, -0.5595370388116793, 1.1000767113040137, 1.0278949893956444, 1.4096598126464477, 0.0
-14.197325698506127, 3.428161429275212, 2.4030354758287196, -0.5595370388116793, 1.1111924863265135, 1.0165714615920494, 1.305676916662868, 0.0
-14.170174622196884, 3.528161429275212, 2.2872759331275634, -0.5595370388116793, 1.117949949097952, 1.015746683829991, 1.3925387515228806, 0.0
-14.170174622196884, 3.5788584369779284, 2.2872759331275634, -0.7481618011412118, 1.1082360285706516, 1.0292875194842226, 1.263580900450214, 0.0
-14.122364499268969, 3.6788584369779285, 2.154116076216499, -0.7481618011412118, 1.1336077217501461, 1.0153614614303852, 1.1248207085570692, 0.0
-14.074554376341053, 3.7788584369779286, 2.0209562193054347, -0.7481618011412118, 1.158788176739511, 1.0134380161898782, 1.180811701396169, 0.0
-14.074554376341053, 3.7951743150428614, 2.0209562193054347, -0.9939732207718611, 1.1550648866035285, 1.0211222793984007, 0.7427943185322535, 0.0
-13.947879907211966, 3.8951743150428615, 1.7597576913375326, -0.9939732207718611, 1.2574900055647875, 0.9661401421302815, 0.9350787862267743, 0.0
-13.947879907211966, 3.9668412172056042, 1.7597576913375326, -1.2204950950612161, 1.241328855276231, 1.0058455506938457, 1.0948511733581523, 0.0
-13.847879907211967, 4.089172846930228, 1.6994959614572505, -1.2204950950612161, 1.3084628166453633, 1.007496778318134, 0.6739294580004616, 0.0
-13.7947107318512, 4.089172846930228, 1.6994959614572505, -1.2180603840440376, 1.3597852013475338, 0.9701967287250604, 0.5089592592712608, 0.0
-13.6947107318512, 4.17464019606686, 1.7544834671718141, -1.2180603840440376, 1.4297660079700265, 0.9666671135647876, 0.4538240620951749, 0.0
-13.619493799814718, 4.17464019606686, 1.7487555531689118, -0.9829329131169946, 1.4301079172033635, 0.9186492460307755, 0.2753289417846973, 0.0
-13.519493799814718, 4.224139641078381, 1.7430276391660096, -0.9829329131169946, 1.3562211328736722, 0.9029425310196374, 0.245792407670123, 0.0
-13.422178556632327, 4.224139641078381, 1.7372997251631075, -0.6792815933987925, 1.3311280294963372, 0.8536595558000262, 0.0639111485841579, 0.0
-13.322178556632327, 4.236767482961675, 1.7315718111602052, -0.6792815933987925, 1.2928988424959698, 0.8160372361158957, 0.12561354670760433, 0.0
-13.222178556632327, 4.2493953248449685, 1.725843897157303, -0.6792815933987925, 1.2555744695077073, 0.7895681281738144, 0.1076232050928879, 0.0
-13.205298102088959, 4.2493953248449685, 1.7201159831544006, -0.45284443909588434, 1.2517482790722743, 0.7835511022442604, 0.008753765461502552, 0.0
-13.105298102088959, 4.250418495065844, 1.7143880691514983, -0.45284443909588434, 1.2275354197648154, 0.7466766158762446, 0.010231345186621678, 0.0
-13.00529810208896, 4.25144166528672, 1.7086601551485963, -0.45284443909588434, 1.204945403524062, 0.7218737433368857, 0.007489544954965551, 0.0
-12.968687520810152, 4.25144166528672, 1.702932241145694, -0.30132279637150217, 1.1971040158277788, 0.7111072077121563, -0.059301858434466316, 0.0
-12.868687520810152, 4.243330893960599, 1.6972043271427917, -0.30132279637150217, 1.1846420118395555, 0.6804864075072345, -0.08093055733837126, 0.0
-12.768687520810152, 4.235220122634479, 1.6914764131398894, -0.30132279637150217, 1.173161015907313, 0.6575541042464352, -0.05202896609096614, 0.0
-12.712938676300842, 4.235220122634479, 1.685748499136987, -0.19549307900206409, 1.163204751136901, 0.6502641053762269, -0.10178768729687522, 0.0
-12.612938676300843, 4.219311829439349, 1.680020585134085, -0.19549307900206409, 1.1600848007097109, 0.6299351217721743, -0.15776095736350743, 0.0
-12.512938676300843, 4.2034035362442195, 1.6742926711311827, -0.19549307900206409, 1.1573253965883878, 0.6124404134057252, -0.09103228225406908, 0.0
-12.438667251339892, 4.2034035362442195, 1.6685647571282805, -0.10524970982560788, 1.1430857650689303, 0.6158141750437547, -0.12606103619742223, 0.0
-12.338667251339892, 4.181317583577182, 1.6628368431253782, -0.10524970982560788, 1.1460947245396809, 0.604363397828046, -0.21737000306493584, 0.0
-12.238667251339892, 4.159231630910145, 1.6571089291224759, -0.10524970982560788, 1.1484882989411522, 0.5944479185682816, -0.11776040407584847, 0.0
-12.151985098539809, 4.159231630910145, 1.6513810151195738, -0.02760698756718806, 1.1304825149955187, 0.6091169415342071, -0.12075889816490354, 0.0
-12.05198509853981, 4.1365778748983875, 1.6456531011166715, -0.02760698756718806, 1.129955633759419, 0.6071298851583937, -0.2227774314238548, 0.0
-11.95198509853981, 4.113924118886629, 1.6399251871137692, -0.02760698756718806, 1.126957762879845, 0.6063704266806661, -0.1139090002278406, 0.0
-11.853970089653345, 4.113924118886629, 1.634197273110867, 0.01241620187711643, 1.100904559206979, 0.6279973378961848, -0.07849518872894581, 0.0
-11.753970089653345, 4.0983488913515185, 1.6284693591079646, 0.01241620187711643, 1.0877942310642257, 0.6354082500988558, -0.15451084230961953, 0.0
-11.653970089653345, 4.082773663816407, 1.6227414451050626, 0.01241620187711643, 1.0732520058327522, 0.643918241199064, -0.15451084230961953, 0.0
-11.553970089653346, 4.067198436281296, 1.6170135311021603, 0.01241620187711643, 1.0564793988573655, 0.6538656935890559, -0.14875520146257132, 0.0
-11.55003977932436, 4.067198436281296, 1.611285617099258, 0.03110339553980133, 1.0550962588803032, 0.6545939704828018, -0.13397301864024028, 0.0
-11.45003977932436, 4.053190671039722, 1.6055577030963557, 0.03110339553980133, 1.0356720840744704, 0.667320645568149, -0.13917210035577915, 0.0
-11.35003977932436, 4.03918290579815, 1.5998297890934534, 0.03110339553980133, 1.0153591447293164, 0.6805441698570682, -0.13917210035577915, 0.0
-11.25003977932436, 4.025175140556576, 1.5941018750905513, 0.03110339553980133, 0.994285524622333, 0.6958242577998551, -0.1308358018233508, 0.0
-11.243587681787456, 4.025175140556576, 1.588373961087649, -0.004696983754245758, 0.9920087788334768, 0.6979822054235496, -0.17975758110812684, 0.0
-11.143587681787457, 4.0058307618381965, 1.5826460470847468, -0.004696983754245758, 0.9752896630074517, 0.7097102560098718, -0.1910836346445176, 0.0
-11.043587681787457, 3.986486383119817, 1.5769181330818445, -0.004696983754245758, 0.9580646101520095, 0.7211348698930269, -0.09648436260514504, 0.0
-10.943717839604897, 3.986486383119817, 1.5711902190789422, -0.128925953795706, 0.9223983843845953, 0.7456714326905135, -0.12321964363517023, 0.0
-10.843717839604897, 3.9617330883130086, 1.5654623050760401, -0.128925953795706, 0.9096007004275987, 0.7352408572882883, -0.2426553874528676, 0.0
-10.743717839604898, 3.9369797935062003, 1.5597343910731378, -0.128925953795706, 0.8966711394792133, 0.7125704805974533, -0.12753564321149682, 0.0
-10.650682061434305, 3.9369797935062003, 1.5540064770702355, -0.24659551435340538, 0.8629498833996264, 0.7125686392253057, -0.1862153715096593, 0.0
-10.550682061434305, 3.900612226791951, 1.5482785630673332, -0.24659551435340538, 0.8607888644293266, 0.6805848770558162, -0.3488057164613417, 0.0
-10.450682061434305, 3.8642446600777025, 1.542550649064431, -0.24659551435340538, 0.8587879571639981, 0.6589237889885242, -0.20195614377416363, 0.0
-10.373060406748706, 3.8642446600777025, 1.5368227350615289, -0.3394585818585111, 0.8307681115541287, 0.6690308133893657, -0.2445415689877883, 0.0
-10.273060406748707, 3.8199217271193473, 1.5310948210586266, -0.3394585818585111, 0.8364014640744285, 0.6529640751617386, -0.4172091885855415, 0.0
-10.173060406748707, 3.775598794160992, 1.5253669070557243, -0.3394585818585111, 0.8424647926040016, 0.6414489692017834, -0.2768977289710713, 0.0
-10.117102757206242, 3.775598794160992, 1.519638993052822, -0.47200556331948534, 0.8239166277364958, 0.6633987891607537, -0.35397177109943995, 0.0
-10.017102757206242, 3.717966820919905, 1.5139110790499197, -0.47200556331948534, 0.8426775473678727, 0.6619639224618113, -0.522825528117787, 0.0
-9.917102757206242, 3.6603348476788184, 1.5081831650470177, -0.47200556331948534, 0.8622009970319418, 0.663807368087925, -0.44662257977094255, 0.0
-9.896759436836849, 3.6603348476788184, 1.5024552510441154, -0.6577579985444083, 0.8548892591759361, 0.6759260432602842, -0.8080878939565946, 0.0
-9.79675943683685, 3.5344026428698525, 1.496727337041213, -0.6577579985444083, 0.9399908951352538, 0.6450233312045257, -0.7433648405899727, 0.0
-9.71903483621621, 3.4969563918594377, 1.4909994230383108, -1.0361708395940321, 0.9494788612591065, 0.6722572306876546, -0.6033255320436925, 0.0
-9.59728154140059, 3.3969563918594377, 1.4852715090354085, -1.0361708395940321, 1.0049654733527171, 0.701389864651131, -0.8741046928919587, 0.0
-9.59728154140059, 3.351431381434399, 1.4795435950325064, -1.4494882606579582, 1.0485588335909641, 0.6733835382355956, -1.098968477549121, 0.0
-9.523024854543467, 3.251431381434399, 1.4738156810296041, -1.4494882606579582, 1.1189216295066085, 0.6851106755222438, -1.0945248792794589, 0.0
-9.523024854543467, 3.2074898444412905, 1.4680877670267019, -1.5553836366369143, 1.1604338111394834, 0.6620887318435593, -1.3364873212948227, 0.0
-9.488666985647772, 3.1074898444412904, 1.3988531931468813, -1.5553836366369143, 1.2427394425382974, 0.6464242759386762, -1.33887570781925, 0.0
-9.488666985647772, 3.0620105654759944, 1.3988531931468813, -1.4137725266302277, 1.2859815159927674, 0.6301443332296431, -1.5345566860888915, 0.0
-9.483392559657508, 2.9620105654759943, 1.4169971248818338, -1.4137725266302277, 1.3222345023412787, 0.6084977050688637, -1.5352558386143411, 0.0
-9.483392559657508, 2.9136669349367907, 1.4169971248818338, -1.147170826138765, 1.3102983537700836, 0.5951090071440687, -1.6904407871858689, 0.0
-9.501226229726324, 2.8136669349367907, 1.4991218229641567, -1.147170826138765, 1.3002292913663032, 0.561573626330392, -1.6864316494495888, 0.0
-9.501226229726324, 2.7601315712837233, 1.4991218229641567, -0.9846786285870538, 1.2835995038296395, 0.5600721520096124, -1.8400906398412087, 0.0
-9.543601766701878, 2.6601315712837232, 1.627184963541854, -0.9846786285870538, 1.2888879729251081, 0.5293644576424009, -1.8374676919700705, 0.0
-9.543601766701878, 2.6050108679842188, 1.627184963541854, -0.9017674634939974, 1.2633942809688286, 0.5436047041298362, -1.9854707837746086, 0.0
-9.611885906669585, 2.5050108679842187, 1.7232175593183805, -0.9017674634939974, 1.1679959799157102, 0.5090327006431717, -2.0073951362734945, 0.0
-9.611885906669585, 2.4586768851378316, 1.7232175593183805, -0.918601719687503, 1.1218417002145213, 0.5292264686538141, -2.1454946305175664, 0.0
-9.706654308093505, 2.3586768851378315, 1.7051273335943409, -0.918601719687503, 1.0286948284272859, 0.5103687609930261, -2.2258398948926614, 0.0
-9.706654308093505, 2.335311595010524, 1.7051273335943409, -1.0088009468440382, 1.0054207658295933, 0.5266410423978408, -2.331815578383491, 0.0
-9.824146589183073, 2.235311595010524, 1.6705944371728576, -1.0088009468440382, 0.9154864457257798, 0.5369343435532957, -2.5599950571519647, 0.0
-9.858756157688825, 2.235311595010524, 1.6705944371728576, -1.0862903658019627, 0.9197964305168074, 0.5182881307504624, -2.5069863926253517, 0.0
-9.958756157688825, 2.1362129001311847, 1.6270192734688345, -1.0862903658019627, 0.8312144959588105, 0.5650043957475201, -2.5456971211181703, 0.0
-10.004891811388054, 2.1362129001311847, 1.6270192734688345, -1.1284806803392462, 0.8389290541088567, 0.5521292670549719, -2.71025350516373, 0.0
-10.104891811388054, 2.068955012378177, 1.5921458813989349, -1.1284806803392462, 0.784806207231248, 0.6030841538789893, -2.735101025443076, 0.0
-10.161136026155319, 2.068955012378177, 1.5921458813989349, -0.9580729832651074, 0.7966605399686443, 0.5940761093695225, -2.859338043293406, 0.0
-10.261136026155318, 2.023644666350745, 1.6561845271032072, -0.9580729832651074, 0.7679278876668335, 0.6363290126310405, -2.876598918289014, 0.0
-10.328101324067006, 2.023644666350745, 1.6561845271032072, -0.5331624878991513, 0.7837071575670633, 0.6409330504277143, -2.961335309858315, 0.0
-10.428101324067006, 1.9932176773930528, 1.7172428854004285, -0.5331624878991513, 0.7748517568842602, 0.6767082795485936, -2.969684579516947, 0.0
-10.50335002542814, 1.9932176773930528, 1.7172428854004285, -0.06923939050186026, 0.7939855805198031, 0.6903285568569097, -2.9657976176536183, 0.0
-10.60335002542814, 1.9620884920013575, 1.7308294778610047, -0.06923939050186026, 0.7901780225650206, 0.7339071075782838, -2.966751710056551, 0.0
-10.679574980120947, 1.9620884920013575, 1.7308294778610047, 0.13323790135348731, 0.8106892098037057, 0.7518193118668944, -2.9119965136601604, 0.0
-10.779574980120946, 1.920901653481046, 1.7679195215485308, 0.13323790135348731, 0.8032937612043819, 0.811476889050139, -2.915725514546628, 0.0
-10.858813312612316, 1.920901653481046, 1.7679195215485308, 0.1401278553142438, 0.8255874221083455, 0.8332361691538637, -2.9187796304423426, 0.0
-10.958813312612316, 1.8802907321174536, 1.7956025617253029, 0.1401278553142438, 0.8221988263070257, 0.8968134359963646, -2.9159905125291474, 0.0
-11.03576017037187, 1.8802907321174536, 1.7956025617253029, 0.4210362641843553, 0.8482924035846573, 0.9207515482064929, -2.8561828425863354, 0.0
-11.135760170371869, 1.828370871266517, 1.8305073773923974, 0.4210362641843553, 0.8381310641200463, 0.9985776337469233, -2.8275471300233805, 0.0
-11.19561493578133, 1.828370871266517, 1.8305073773923974, 0.9475513530443918, 0.8625660899447766, 1.0179267317675698, -2.658048973740031, 0.0
-11.29561493578133, 1.744427404299444, 1.8564469381602773, 0.9475513530443918, 0.8298436079040621, 1.12870773751646, -2.595746418038818, 0.0
-11.333815197946413, 1.744427404299444, 1.8564469381602773, 1.1737328715538675, 0.8483264331341308, 1.1402597053527752, -2.426980154054206, 0.0
-11.433815197946412, 1.6245275086944115, 1.8691300259517187, 1.1737328715538675, 0.7959319544711511, 1.283258998040499, -2.1123284003286327, 0.0
-11.433815197946412, 1.578180265335338, 1.8691300259517187, 0.9626648686525908, 0.7582545414289574, 1.3283174092795769, -2.2499594116895483, 0.0
-11.551958123865536, 1.478180265335338, 1.8789784461411618, 0.9626648686525908, 0.7531439980147747, 1.231540234208203, -2.200170844838103, 0.0
-11.551958123865536, 1.4159310554289284, 1.8789784461411618, 0.8644865069957015, 0.7092766188292629, 1.2398547258512562, -2.115180150704716, 0.0
-11.650184503476382, 1.3159310554289283, 1.8930687766407914, 0.8644865069957015, 0.721558883670425, 1.154685900293164, -2.063687900336729, 0.0
-11.650184503476382, 1.2330509717170188, 1.8930687766407914, 0.9918620114325393, 0.6769189869362326, 1.1617972528892861, -1.9047489214174593, 0.0
-11.71363423715101, 1.1330509717170187, 1.8950810837584564, 0.9918620114325393, 0.6927057110202046, 1.1034061073303583, -1.8874206699441785, 0.0
-11.71363423715101, 1.0393983726244185, 1.8950810837584564, 1.0612279412691308, 0.6667550963332649, 1.1012163341296612, -1.702475858274086, 0.0
-11.739282736360114, 0.9393983726244184, 1.908924105664422, 1.0612279412691308, 0.6784826858478413, 1.0707443746252476, -1.8200598978849938, 0.0
-11.739282736360114, 0.9386412288393635, 1.908924105664422, 1.055624072497252, 0.6784367694708779, 1.0707216549536402, -1.4936306909805286, 0.0
-11.73149227830271, 0.8386412288393635, 1.9262461069795078, 1.055624072497252, 0.66847659551061, 1.0735833148108338, -1.4930487789636768, 0.0
-11.723701820245305, 0.7386412288393636, 1.943568108294594, 1.055624072497252, 0.6727615197621825, 1.0787254018769, -1.4932750588467376, 0.0
-11.723701820245305, 0.7383481570219621, 1.943568108294594, 1.0450027495104053, 0.6728184108301096, 1.0787174325185775, -1.28441688995689, 0.0
-11.694168113214886, 0.6383481570219621, 1.9645358237391672, 1.0450027495104053, 0.6713587132128648, 1.1087041950219116, -1.2836229205001366, 0.0
-11.664634406184465, 0.5383481570219621, 1.9855035391837408, 1.0450027495104053, 0.6859336041947706, 1.0085136645814328, -1.4140998654517698, 0.0
-11.664634406184465, 0.4514161179571967, 1.9855035391837408, 1.1368444317955553, 0.7318246803127383, 0.9215842701873432, -1.0532691554679852, 0.0
-11.558217178466007, 0.35141611795719674, 2.0100830978112616, 1.1368444317955553, 0.715912443390366, 0.820707591799934, -0.8903516686974596, 0.0
-11.458217178466008, 0.19639020519605865, 2.0100830978112616, 1.2358260567683383, 0.7736604736110041, 0.6645053300399711, -0.7627560588587199, 0.0
-11.396007148605063, 0.19639020519605865, 2.0411047765016863, 1.182882361675121, 0.7417133916612585, 0.6638624367863121, -0.5686454623746285, 0.0
-11.296007148605064, 0.09272839790289888, 2.106469670084189, 1.182882361675121, 0.7962178354707732, 0.5603522805912634, -0.47926598338430826, 0.0
-11.196534091067063, 0.09272839790289888, 2.106469670084189, 0.9544596884038493, 0.7646272878648381, 0.5619452741610267, -0.1675111860905966, 0.0
-11.096534091067063, 0.05899834932729969, 2.2249615841861363, 0.9544596884038493, 0.7769655363386754, 0.5318592856327621, -0.3253167321699595, 0.0
-10.996534091067064, 0.0252683007517005, 2.343453498288084, 0.9544596884038493, 0.7946083347283623, 0.5030930608541013, -0.24952892676943955, 0.0
-10.964176443824407, 0.0252683007517005, 2.343453498288084, 0.6425241731449993, 0.791993762195316, 0.5033269903434183, -0.1007142049766427, 0.0
-10.864176443824407, 0.011892750625483117, 2.4992946674626246, 0.6425241731449993, 0.7971742177555459, 0.4974755484002964, -0.13296630315018312, 0.0
-10.764176443824407, -0.0014827995007342665, 2.655135836637166, 0.6425241731449993, 0.807737780985753, 0.4929687793355496, -0.07704562459667656, 0.0
-10.69091451187864, -0.0014827995007342665, 2.655135836637166, 0.38029818951224836, 0.8071672005414285, 0.4995056315583112, -0.00016789931868957131, 0.0
-10.59091451187864, -0.0015118900613361557, 2.789724922143408, 0.38029818951224836, 0.8079759352109742, 0.5092229980832822, -0.00029090559781282604, 0.0
-10.49091451187864, -0.0015409806219380446, 2.9243140076496505, 0.38029818951224836, 0.8132648474134416, 0.5194363609616348, -0.00029090559781282604, 0.0
-10.390914511878641, -0.0015700711825399338, 3.0589030931558927, 0.38029818951224836, 0.8178061177988051, 0.5297159742410092, -0.00025951208175756734, 0.0
-10.378817380400902, -0.0015700711825399338, 3.0589030931558927, 0.23527730242708475, 0.8191783856471505, 0.5317398406195017, 0.08732776211696282, 0.0
-10.278817380400902, 0.00824408116901528, 3.212318288482657, 0.23527730242708475, 0.8150895765663335, 0.5514024121120596, 0.09782824019170423, 0.0
-10.178817380400902, 0.018058233520570493, 3.365733483809421, 0.23527730242708475, 0.8155884151998635, 0.5705407316584841, 0.09782824019170422, 0.0
-10.078817380400903, 0.027872385872125705, 3.5191486791361855, 0.23527730242708475, 0.8158336403513954, 0.5887249701696671, 0.0655466571464466, 0.0
-10.029304137574654, 0.027872385872125705, 3.5191486791361855, 0.1535062468362552, 0.8220509715856771, 0.590503202850082, 0.11939465089106034, 0.0
-9.929304137574654, 0.045808776653196645, 3.68266551650826, 0.1535062468362552, 0.8160054451754466, 0.6148059966687954, 0.1774767403802317, 0.0
-9.829304137574654, 0.06374516743426759, 3.8461823538803346, 0.1535062468362552, 0.811465051201104, 0.6375750355733539, 0.17747674038023165, 0.0
-9.729304137574655, 0.08168155821533851, 4.009699191252409, 0.1535062468362552, 0.8113844839250113, 0.658691136888184, 0.09458608602048643, 0.0
-9.640239655354145, 0.08168155821533851, 4.009699191252409, 0.10922240133660513, 0.8259318049673032, 0.6596297625618939, 0.10259988796355306, 0.0
-9.540239655354146, 0.10114790660291595, 4.122347989935063, 0.10922240133660513, 0.8260651005763955, 0.6791272413415662, 0.19225906813234042, 0.0
-9.440239655354146, 0.12061425499049339, 4.234996788617718, 0.10922240133660513, 0.8295557250610379, 0.6963571761514462, 0.19225906813234042, 0.0
-9.340239655354146, 0.14008060337807082, 4.347645587300374, 0.10922240133660513, 0.8347526295493387, 0.7114578744686119, 0.19225906813234042, 0.0
-9.240239655354147, 0.15954695176564826, 4.460294385983028, 0.10922240133660513, 0.8399719468558758, 0.7252082664179831, 0.15671417243009877, 0.0
-9.21704258652581, 0.15954695176564826, 4.460294385983028, 0.06933293045549116, 0.8470468882211447, 0.723512095243718, 0.20371199247904698, 0.0
-9.11704258652581, 0.18499669260802776, 4.52009986474621, 0.06933293045549116, 0.848849729010612, 0.7419600463662829, 0.24920701838388876, 0.0
-9.017042586525811, 0.21044643345040726, 4.579905343509392, 0.06933293045549116, 0.8523210988100484, 0.7591323302322712, 0.24920701838388876, 0.0
-8.917042586525811, 0.23589617429278675, 4.639710822272573, 0.06933293045549116, 0.8567627547220561, 0.7750666613326201, 0.24920701838388876, 0.0
-8.817042586525812, 0.26134591513516625, 4.699516301035755, 0.06933293045549116, 0.8605909011709157, 0.7893372605797032, 0.17033892002398424, 0.0
-8.769083922535573, 0.26134591513516625, 4.699516301035755, 0.011947654620133872, 0.8732368634171571, 0.7823042287983658, 0.1796207106689954, 0.0
-8.669083922535574, 0.28821191012660563, 4.760503924669632, 0.011947654620133872, 0.8734294441526902, 0.7959487247560901, 0.2624624156488315, 0.0
-8.569083922535574, 0.315077905118045, 4.821491548303509, 0.011947654620133872, 0.8685840364384422, 0.8082191904957158, 0.2624624156488315, 0.0
-8.469083922535575, 0.3419439001094844, 4.882479171937387, 0.011947654620133872, 0.8574214268883082, 0.8181309499172252, 0.2624624156488315, 0.0
-8.369083922535575, 0.36880989510092377, 4.943466795571265, 0.011947654620133872, 0.8416214181401572, 0.824863263359401, 0.1577139636448118, 0.0
-8.300152320424328, 0.36880989510092377, 4.943466795571265, -0.02814013361645625, 0.8467602572387242, 0.8109696134227711, 0.15399576080048236, 0.0
-8.200152320424328, 0.3950322592637878, 5.019669925578964, -0.02814013361645625, 0.827182463251067, 0.8129356797983053, 0.25644976975770023, 0.0
-8.100152320424328, 0.4212546234266519, 5.095873055586663, -0.02814013361645625, 0.8063831536349876, 0.8136252020223693, 0.25644976975770023, 0.0
-8.000152320424329, 0.44747698758951593, 5.172076185594363, -0.02814013361645625, 0.7849739428228281, 0.8137343645457065, 0.25644976975770023, 0.0
-7.900152320424329, 0.47369935175238, 5.248279315602062, -0.02814013361645625, 0.7549635001241307, 0.8139597334308731, 0.1316962750493088, 0.0
-7.80219236185135, 0.47369935175238, 5.248279315602062, -0.052145709089088124, 0.75320959561381, 0.7901032814528112, 0.09953884405051137, 0.0
-7.70219236185135, 0.4934693941041616, 5.273232608890728, -0.052145709089088124, 0.73289185012566, 0.7863690035488651, 0.1951834539723931, 0.0
-7.60219236185135, 0.5132394364559432, 5.2981859021793944, -0.052145709089088124, 0.7154711140424259, 0.7846486118619761, 0.19518345397239253, 0.0
-7.502192361851351, 0.5330094788077246, 5.32313919546806, -0.052145709089088124, 0.7008745844106697, 0.7849469064236156, 0.19518345397239253, 0.0
-7.402192361851351, 0.5527795211595062, 5.348092488756726, -0.052145709089088124, 0.6880482912726781, 0.7860566871380974, 0.1951834539723931, 0.0
-7.302192361851351, 0.5725495635112878, 5.373045782045392, -0.052145709089088124, 0.6797064525587498, 0.7885322580173255, 0.160218752906002, 0.0
-7.279855957386305, 0.5725495635112878, 5.373045782045392, -0.0717914059005701, 0.6829642869108403, 0.7861710162160991, 0.12132945142075711, 0.0
-7.179855957386305, 0.5874658376263937, 5.379764491759178, -0.0717914059005701, 0.6833618175618104, 0.7857718897023097, 0.14807101214650076, 0.0
-7.079855957386306, 0.6023821117414997, 5.386483201472965, -0.0717914059005701, 0.6870123142755852, 0.7870839236875918, 0.14807101214650076, 0.0
-6.979855957386306, 0.6172983858566056, 5.39320191118675, -0.0717914059005701, 0.6933029010784807, 0.7900926561443459, 0.14807101214650076, 0.0
-6.879855957386306, 0.6322146599717116, 5.399920620900537, -0.0717914059005701, 0.701621076821265, 0.7946714080864964, 0.14807101214650076, 0.0
-6.779855957386307, 0.6471309340868174, 5.406639330614323, -0.0717914059005701, 0.7110885259050804, 0.8005135236202681, 0.10774320314577329, 0.0
-6.741949250015042, 0.6471309340868174, 5.406639330614323, -0.07474569008150156, 0.7187976011361566, 0.7982701291776289, 0.08224554434990712, 0.0
-6.641949250015043, 0.6584987898446627, 5.420909664260806, -0.07474569008150156, 0.7328221355190936, 0.8015179738681377, 0.11319263742177503, 0.0
-6.541949250015043, 0.669866645602508, 5.435179997907289, -0.07474569008150156, 0.7470349072943181, 0.805333104168147, 0.11319263742177559, 0.0
-6.4419492500150435, 0.6812345013603534, 5.449450331553773, -0.07474569008150156, 0.7608271669602955, 0.8093685874408681, 0.11319263742177559, 0.0
-6.341949250015044, 0.6926023571181986, 5.463720665200255, -0.07474569008150156, 0.7735899680544329, 0.8132775121900074, 0.11319263742177503, 0.0
-6.241949250015044, 0.7039702128760439, 5.477990998846739, -0.07474569008150156, 0.7847142111335078, 0.8167948087586298, 0.0738892616789117, 0.0
-6.188379436252202, 0.7039702128760439, 5.477990998846739, -0.0853645529538683, 0.796013753333139, 0.8114753356975852, 0.041853940335965886, 0.0
-6.088379436252202, 0.7104014704607806, 5.4474814339954944, -0.0853645529538683, 0.8074125177002948, 0.8094770799536146, 0.06422412733613667, 0.0
-5.9883794362522025, 0.7168327280455173, 5.41697186914425, -0.0853645529538683, 0.8167382978230661, 0.8073661927340194, 0.06422412733613667, 0.0
-5.888379436252203, 0.7232639856302541, 5.386462304293005, -0.0853645529538683, 0.8243026470876799, 0.805259529132362, 0.06422412733613667, 0.0
-5.788379436252203, 0.7296952432149908, 5.3559527394417605, -0.0853645529538683, 0.8304171406483469, 0.8032740401478692, 0.06422412733613667, 0.0
-5.6883794362522035, 0.7361265007997275, 5.325443174590516, -0.0853645529538683, 0.83539336953602, 0.8014876125843913, 0.03989926326429456, 0.0
-5.627277602604828, 0.7361265007997275, 5.325443174590516, -0.1058300670144191, 0.8406943214029035, 0.7977918703204296, -0.007731694234447006, 0.0
-5.527277602604828, 0.7348808858606801, 5.266635161362351, -0.1058300670144191, 0.8519601581831121, 0.7884929207987305, -0.012455505236422157, 0.0
-5.427277602604828, 0.7336352709216328, 5.207827148134187, -0.1058300670144191, 0.8630228011728205, 0.7790846058315137, -0.012455505236422157, 0.0
-5.327277602604829, 0.7323896559825854, 5.1490191349060215, -0.1058300670144191, 0.8741937772337399, 0.7694553876199057, -0.012455505236422157, 0.0
-5.227277602604829, 0.7311440410435381, 5.090211121677857, -0.1058300670144191, 0.8857845861202894, 0.759495522963612, -0.012455505236422157, 0.0
-5.1272776026048295, 0.7298984261044907, 5.031403108449692, -0.1058300670144191, 0.8981067019000404, 0.7493807436805149, -0.008289168444183983, 0.0
-5.077010851670801, 0.7298984261044907, 5.031403108449692, -0.09935027968905862, 0.9048513044588563, 0.743696517680511, -0.04803757797012017, 0.0
-4.977010851670801, 0.7226744177564965, 4.998148924574519, -0.09935027968905862, 0.9240576312593184, 0.7286984646045638, -0.07211481075035073, 0.0
-4.877010851670802, 0.7154504094085024, 4.9648947406993456, -0.09935027968905862, 0.9444225015430167, 0.7166833895666966, -0.07211481075035073, 0.0
-4.777010851670802, 0.7082264010605082, 4.931640556824173, -0.09935027968905862, 0.9658321747296666, 0.7078389808304534, -0.07211481075035073, 0.0
-4.677010851670802, 0.701002392712514, 4.898386372949, -0.09935027968905862, 0.9881592927473641, 0.7004971628644617, -0.07211481075035073, 0.0
-4.577010851670803, 0.6937783843645198, 4.865132189073827, -0.09935027968905862, 1.0112765053051218, 0.6998276905467148, -0.050818451968308975, 0.0
-4.534979988980999, 0.6937783843645198, 4.865132189073827, -0.08387640323869962, 1.0184222085310957, 0.7034232397039223, -0.07823311942344265, 0.0
-4.4349799889809995, 0.6826441422315979, 4.874558682136163, -0.08387640323869962, 1.0459378498247471, 0.7074957066601105, -0.11088570473103601, 0.0
-4.334979988981, 0.671509900098676, 4.8839851751985, -0.08387640323869962, 1.0739972931501032, 0.7153885182845495, -0.11088570473103601, 0.0
-4.234979988981, 0.660375657965754, 4.893411668260836, -0.08387640323869962, 1.1024727537096854, 0.729566119309929, -0.11088570473103601, 0.0
-4.134979988981001, 0.6492414158328321, 4.9028381613231735, -0.08387640323869962, 1.1312364612064516, 0.751270768516977, -0.11088570473103601, 0.0
-4.034979988981001, 0.6381071736999102, 4.91226465438551, -0.08387640323869962, 1.160160673340278, 0.7737379402099037, -0.07859457602867731, 0.0
-3.9936050055570456, 0.6381071736999102, 4.91226465438551, -0.08687310498590943, 1.1680422131544603, 0.7904459266187784, -0.11814052306908224, 0.0
-3.8936050055570455, 0.6213269181045489, 4.898110028963014, -0.08687310498590943, 1.2023891194402567, 0.8137407381532897, -0.16625366300488018, 0.0
-3.7936050055570454, 0.6045466625091874, 4.883955403540519, -0.08687310498590943, 1.2366560893591385, 0.8409921425769132, -0.16625366300488018, 0.0
-3.6936050055570453, 0.5877664069138261, 4.869800778118022, -0.08687310498590943, 1.2707137166207936, 0.8700888791438774, -0.16625366300488018, 0.0
-3.593605005557045, 0.5709861513184646, 4.855646152695527, -0.08687310498590943, 1.3043751683365306, 0.8989131453417921, -0.16625366300488018, 0.0
-3.493605005557045, 0.5542058957231033, 4.841491527273031, -0.08687310498590943, 1.3373457495639167, 0.9253989743207472, -0.13460933004633258, 0.0
-3.4696999089295804, 0.5542058957231033, 4.841491527273031, -0.08073582494215062, 1.3408233215466576, 0.9354436402909417, -0.16311155057361393, 0.0
-3.3696999089295803, 0.5338143803925411, 4.853978090059544, -0.08073582494215062, 1.3752795912677465, 0.9548520749335652, -0.20115728032675861, 0.0
-3.26969990892958, 0.513422865061979, 4.866464652846059, -0.08073582494215062, 1.408113864865419, 0.9725128203782791, -0.2011572803267589, 0.0
-3.16969990892958, 0.49303134973141677, 4.878951215632572, -0.08073582494215062, 1.438652545869826, 0.9905566761542679, -0.20115728032675914, 0.0
-3.06969990892958, 0.47263983440085455, 4.891437778419086, -0.08073582494215062, 1.4649242896762769, 1.009905327265602, -0.2011572803267589, 0.0
-2.96969990892958, 0.4522483190702924, 4.9039243412056, -0.08073582494215062, 1.486469259553598, 1.0295246793250514, -0.19082343713904956, 0.0
-2.964139484551138, 0.4522483190702924, 4.9039243412056, -0.05634908125841498, 1.4863908214018167, 1.0319123318491747, -0.26879150405722857, 0.0
-2.864139484551138, 0.42317090747116726, 4.9348183101854115, -0.05634908125841498, 1.509310309934815, 1.04635000788553, -0.2829713372939991, 0.0
-2.764139484551138, 0.3940934958720421, 4.965712279165224, -0.05634908125841498, 1.5230636811177911, 1.0641836877379114, -0.2829713372939991, 0.0
-2.664139484551138, 0.365016084272917, 4.996606248145037, -0.05634908125841498, 1.5280428638803287, 1.0844840488371452, -0.2829713372939991, 0.0
-2.564139484551138, 0.33593867267379185, 5.027500217124849, -0.05634908125841498, 1.5243881379168351, 1.1058756640229177, -0.1455863665561873, 0.0
-2.4658263751945526, 0.33593867267379185, 5.027500217124849, -0.008566177369605361, 1.4855943416767616, 1.1523969930541882, -0.15201787327432398, 0.0
-2.3658263751945525, 0.3055571408603981, 5.016551672573642, -0.008566177369605361, 1.4619753604822008, 1.1706420201729253, -0.29495340033638867, 0.0
-2.2658263751945524, 0.27517560904700433, 5.005603128022436, -0.008566177369605361, 1.426997770284331, 1.1845434807331445, -0.29495340033638867, 0.0
-2.1658263751945523, 0.24479407723361057, 4.994654583471229, -0.008566177369605361, 1.388951397954659, 1.1865360289113356, -0.29495340033638867, 0.0
-2.0658263751945523, 0.21441254542021682, 4.9837060389200225, -0.008566177369605361, 1.3511181984210536, 1.1785742431587185, -0.15831914821558676, 0.0
-1.9755318356048193, 0.21441254542021682, 4.9837060389200225, 0.05077507032072749, 1.2965979702942576, 1.1932495708821, -0.12792934291688446, 0.0
-1.8755318356048192, 0.18993460946702645, 4.940610272571441, 0.05077507032072749, 1.255654324012568, 1.1806191023070012, -0.24005911569290778, 0.0
-1.775531835604819, 0.16545667351383608, 4.89751450622286, 0.05077507032072749, 1.2175817974262937, 1.1658026267875983, -0.24005911569290778, 0.0
-1.675531835604819, 0.14097873756064572, 4.854418739874278, 0.05077507032072749, 1.182969142796628, 1.1490139274289555, -0.24005911569290778, 0.0
-1.575531835604819, 0.11650080160745535, 4.811322973525697, 0.05077507032072749, 1.1488575294325394, 1.131082616729713, -0.13473034626735841, 0.0
-1.4949515351889515, 0.11650080160745535, 4.811322973525697, 0.07731843738205106, 1.1093048861561563, 1.1363912288314795, -0.10811308675982345, 0.0
-1.3949515351889514, 0.09690128576596402, 4.730151741190859, 0.07731843738205106, 1.075945534547994, 1.1236172307456334, -0.19354180167934323, 0.0
-1.2949515351889513, 0.07730176992447269, 4.648980508856022, 0.07731843738205106, 1.0490464054897088, 1.1114916312411416, -0.19354180167934323, 0.0
-1.1949515351889513, 0.05770225408298135, 4.567809276521185, 0.07731843738205106, 1.0232614822356, 1.099958487129602, -0.19354180167934323, 0.0
-1.0949515351889512, 0.03810273824149002, 4.486638044186347, 0.07731843738205106, 1.0028359732661676, 1.0888578138737928, -0.11894666758351666, 0.0
-1.0309537066252188, 0.03810273824149002, 4.486638044186347, 0.10098253266737496, 0.9787921012353775, 1.0942770278835543, -0.0847541317085554, 0.0
-0.9309537066252188, 0.024169867534939327, 4.376423321163106, 0.10098253266737496, 0.9606716565137841, 1.0891652191411092, -0.1384374923655625, 0.0
-0.8309537066252188, 0.010236996828388634, 4.266208598139864, 0.10098253266737496, 0.9419140908783072, 1.0840044228301016, -0.1384374923655625, 0.0
-0.7309537066252189, -0.0036958738781620593, 4.155993875116622, 0.10098253266737496, 0.9303046599166327, 1.0786726024269415, -0.1384374923655625, 0.0
-0.6309537066252189, -0.017628744584712752, 4.045779152093381, 0.10098253266737496, 0.9194022708340034, 1.0731822394340735, -0.09996672482383091, 0.0
-0.5920432063438803, -0.017628744584712752, 4.045779152093381, 0.15858998193565188, 0.9127700051667579, 1.0768557754387567, -0.037566169279537244, 0.0
-0.4920432063438803, -0.022849536074101173, 3.9246506296395123, 0.15858998193565188, 0.8972035857425213, 1.0799372757414896, -0.05216055853029188, 0.0
-0.39204320634388035, -0.028070327563489594, 3.8035221071856435, 0.15858998193565188, 0.8898320003966133, 1.0829441106417448, -0.05216055853029188, 0.0
-0.29204320634388037, -0.033291119052878015, 3.682393584731775, 0.15858998193565188, 0.8801784571042705, 1.0859183441546572, -0.05216055853029188, 0.0
-0.1920432063438804, -0.038511910542266437, 3.561265062277906, 0.15858998193565188, 0.8798617793220458, 1.0889020401922667, -0.04866926516577149, 0.0
-0.18485710722834492, -0.038511910542266437, 3.561265062277906, 0.22330125180341268, 0.8790375979649315, 1.089732628708033, 0.04184855382494338, 0.0
-0.08485710722834491, -0.03402370693235072, 3.3879009721327473, 0.22330125180341268, 0.8691551691607466, 1.1023996704190433, 0.04485193572250808, 0.0
0.015142892771655092, -0.029535503322435007, 3.2145368819875886, 0.22330125180341268, 0.8676873425097865, 1.1151099795131805, 0.04485193572250808, 0.0
0.11514289277165513, -0.02504729971251929, 3.04117279184243, 0.22330125180341268, 0.8684381349699868, 1.12785511351832, 0.027092116180534535, 0.0
0.1807669229602235, -0.02504729971251929, 3.04117279184243, 0.2993868171083295, 0.8780700862544806, 1.1327231793118089, 0.09000692179145574, 0.0
0.28076692296022354, -0.010099603776114371, 2.864333922487413, 0.2993868171083295, 0.8793408401221872, 1.1559625500797142, 0.14837837721718522, 0.0
0.3807669229602236, 0.0048480921602905465, 2.6874950531323964, 0.2993868171083295, 0.8896729072929385, 1.1792125779746598, 0.14837837721718525, 0.0
0.4807669229602236, 0.019795788096695466, 2.5106561837773795, 0.2993868171083295, 0.9105587642898257, 1.2063739012195136, 0.1239290102343168, 3.0
0.5007637922313755, 0.019795788096695466, 2.5106561837773795, 0.4199076625794487, 0.9172973813826131, 1.2098034825990194, 0.3017810539109388, 3.0
0.6007637922313754, 0.05714947055028252, 2.310290195247579, 0.4199076625794487, 0.9231172246813053, 1.2604821641214337, 0.35748726963415844, 3.0
0.7007637922313754, 0.09450315300386958, 2.1099242067177792, 0.4199076625794487, 0.9410881628736592, 1.312376331622521, 0.21269639567900053, 3.0
0.773727163828357, 0.09450315300386958, 2.1099242067177792, 0.5772405897746953, 0.9831364663028318, 1.3081431496473668, 0.29060419694869494, 3.0
0.873727163828357, 0.1462314652713963, 1.9983525053104416, 0.5772405897746953, 1.0080346842719279, 1.287611374232822, 0.47737831442985845, 3.0
0.973727163828357, 0.19795977753892302, 1.8867808039031038, 0.5772405897746953, 1.0384876197044541, 1.2694833310812916, 0.3793641966421702, 3.0
1.0034775235692501, 0.19795977753892302, 1.8867808039031038, 0.715086280614438, 1.060031165905134, 1.2526803009790453, 0.7847041908306777, 3.0
1.1034775235692502, 0.3275301757589075, 1.8000558763110035, 0.715086280614438, 1.0573040532466995, 1.3074438848590566, 0.5940326000869807, 3.0
1.195316597913666, 0.3275301757589075, 1.8000558763110035, 0.8336750635737605, 1.134454821037892, 1.2619889498747647, 0.6703171126592756, 3.0
1.295316597913666, 0.47961452662028536, 1.822376184688577, 0.8336750635737605, 1.1544496214599416, 1.3493621350645821, 0.7755536232419566, 3.0
1.3504252200327194, 0.47961452662028536, 1.822376184688577, 0.9514855529447347, 1.2055458510164558, 1.32565377772397, 0.5299601361673143, 3.0
1.4660048316166643, 0.5796145266202853, 1.8889607997277187, 0.9514855529447347, 1.2835878565065766, 1.3672528769829135, 0.98148937215881, 3.0
1.4660048316166643, 0.6524949421893578, 1.8889607997277187, 1.0131413293130724, 1.2629763496693724, 1.4333874520556702, 1.1618980805437449, 3.0
1.5409177106261707, 0.7524949421893578, 1.9284839797662041, 1.0131413293130724, 1.3147635451109212, 1.4940495468028299, 1.1895294152672058, 3.0
1.5409177106261707, 0.8393648632955211, 1.9284839797662041, 0.9980450482653049, 1.3027196051808076, 1.5726350800932567, 1.380231611512926, 3.0
1.5769659468621167, 0.939364863295521, 1.9473235086614125, 0.9980450482653049, 1.3319790113578691, 1.6352806239305642, 1.3881873384466474, 3.0
1.5769659468621167, 1.0345724173552868, 1.9473235086614125, 0.938208868828842, 1.3326643384777408, 1.706632466313904, 1.571984298658943, 3.0
1.576734045671152, 1.134572417355287, 1.9874545343873282, 0.938208868828842, 1.3404535053078779, 1.7794479112469648, 1.5719650856262506, 3.0
1.576734045671152, 1.2329889590329453, 1.9874545343873282, 0.8694697056355505, 1.355215883102288, 1.8492336400361304, 1.6573013404840133, 3.0
1.5595270780035753, 1.3329889590329453, 2.0223429880821495, 0.8694697056355505, 1.3557786626841175, 1.8232599453073608, 1.7411973366760416, 3.0
1.5423201103359987, 1.4329889590329454, 2.0572314417769713, 0.8694697056355505, 1.363911153279047, 1.7733289534151426, 1.739715179058884, 3.0
1.5423201103359987, 1.4338835393846612, 2.0572314417769713, 0.8120968803212331, 1.3641653235256137, 1.7727805126422964, 1.9078559798250325, 3.0
1.5069634173260429, 1.5338835393846613, 2.1073014708766973, 0.8120968803212331, 1.3628340689235927, 1.7423379476891536, 1.910645271314505, 3.0
1.471606724316087, 1.6338835393846614, 2.1573714999764233, 0.8120968803212331, 1.3697395958389789, 1.7149563084588828, 1.9067754690089926, 3.0
1.471606724316087, 1.6351284985993932, 2.1573714999764233, 0.7417162947528307, 1.3702744925243053, 1.7142545547291872, 2.394664649671414, 3.0
1.362256121179741, 1.7351284985993933, 2.2965294849000295, 0.7417162947528307, 1.3136786925206552, 1.7102246057858126, 2.072003740245012, 3.0
1.362256121179741, 1.8347202744744935, 2.2965294849000295, 0.6435024994098912, 1.3628635227275245, 1.6231024772512064, 2.217063199301785, 3.0
1.2116979571481283, 1.9347202744744936, 2.4930572376811653, 0.6435024994098912, 1.2912436198365909, 1.6141942747563056, 2.46362595297696, 3.0
1.116892513120391, 2.0323125571237286, 2.4930572376811653, 0.5561251592419632, 1.274778737985432, 1.5816584602285761, 2.164455268948678, 3.0
1.016892513120391, 2.2233774033980067, 2.7303757699370013, 0.5561251592419632, 1.3234686171097652, 1.4722137881309991, 2.21568083339218, 3.0
0.9731804512490869, 2.2233774033980067, 2.7303757699370013, 0.4452013465890213, 1.2926131257074325, 1.4940002613737065, 2.580122286357119, 3.0
0.8731804512490869, 2.3137722536246184, 2.874849942298786, 0.4452013465890213, 1.2834433150214786, 1.4629446146425242, 2.4066003369066156, 3.0
0.773180451249087, 2.40416710385123, 3.019324114660571, 0.4452013465890213, 1.2825489579894866, 1.420294394072559, 2.6954742113228822, 3.0
0.6841792978670664, 2.40416710385123, 3.019324114660571, 0.30461064064524146, 1.2231207323167217, 1.448456865270242, 2.710686561759126, 3.0
0.5841792978670665, 2.4910543649544556, 3.2063225493339607, 0.30461064064524146, 1.2277466964779804, 1.39517970483419, 2.4262435896910026, 3.0
0.4841792978670665, 2.5779416260576813, 3.393320984007351, 0.30461064064524146, 1.2367358024668256, 1.3437286513990283, 2.573891073554704, 3.0
0.44793484057388233, 2.5779416260576813, 3.393320984007351, 0.19570288890809606, 1.216824807032094, 1.3553108972595596, 2.7421905717029986, 3.0
0.3479348405738823, 2.635448858069291, 3.54752353665945, 0.19570288890809606, 1.205414460228656, 1.3359391230608326, 2.6197040249874193, 3.0
0.2479348405738823, 2.692956090080901, 3.701726089311549, 0.19570288890809606, 1.2025318708933743, 1.320895504967914, 2.6197040249874193, 3.0
0.1479348405738823, 2.7504633220925108, 3.8559286419636485, 0.19570288890809606, 1.2014457407524073, 1.307261049782399, 2.838181597479806, 3.0
0.06425124434569596, 2.7504633220925108, 3.8559286419636485, 0.11276588700507502, 1.1640601271969122, 1.3418746583817514, 2.8399583249025713, 3.0
-0.035748755654304076, 2.807612408655094, 4.032681990645254, 0.11276588700507502, 1.1702150902040582, 1.3332366886518174, 2.6223995803624116, 3.0
-0.13574875565430408, 2.8647614952176768, 4.20943533932686, 0.11276588700507502, 1.1833623842062253, 1.3250386070952906, 2.6223995803624116, 0.0
-0.2357487556543041, 2.92191058178026, 4.386188688008466, 0.11276588700507502, 1.2014850653027456, 1.3147910373602645, 2.7291353884887064, 0.0
-0.26635858476872065, 2.92191058178026, 4.386188688008466, 0.05267365673388895, 1.1918321510718521, 1.3265854663448822, 2.8002226651405517, 0.0
-0.36635858476872063, 2.9683135166342267, 4.517221373322739, 0.05267365673388895, 1.2034644617634782, 1.3201065518767847, 2.7071333622860134, 0.0
-0.4663585847687206, 3.0147164514881934, 4.648254058637012, 0.05267365673388895, 1.2206619047667668, 1.3121044214122926, 2.7071333622860134, 0.0
-0.5663585847687206, 3.06111938634216, 4.779286743951285, 0.05267365673388895, 1.2428620704743478, 1.3054440039161443, 2.7071333622860134, 0.0
-0.6663585847687206, 3.107522321196127, 4.9103194292655585, 0.05267365673388895, 1.2661172512660992, 1.3011315237369823, 2.8877947585816526, 0.0
-0.7452501663540789, 3.107522321196127, 4.9103194292655585, 0.03413289906563044, 1.251381941257962, 1.3315000061339628, 2.874223211960279, 0.0
-0.845250166354079, 3.156525760027645, 5.036245557140617, 0.03413289906563044, 1.2834606262404675, 1.3297738285926912, 2.685949270479435, 0.0
-0.9452501663540791, 3.205529198859163, 5.162171685015675, 0.03413289906563044, 1.3170193534110948, 1.331009145165875, 2.685949270479435, 0.0
-1.0452501663540792, 3.2545326376906814, 5.288097812890733, 0.03413289906563044, 1.3508061863277574, 1.3332225900439643, 2.685949270479435, 0.0
-1.1452501663540793, 3.3035360765221995, 5.414023940765792, 0.03413289906563044, 1.383580530638967, 1.3360006684434627, 2.7742702566371316, 0.0
-1.1726026355179449, 3.3035360765221995, 5.414023940765792, 0.022488452314052117, 1.3795290028136766, 1.3481317882914656, 2.8293087055341433, 0.0
-1.272602635517945, 3.344651522745818, 5.507574753921036, 0.022488452314052117, 1.4009237744103606, 1.354318025347875, 2.7515074983440173, 0.0
-1.372602635517945, 3.385766968969436, 5.601125567076281, 0.022488452314052117, 1.420813954391808, 1.3514544656329557, 2.7515074983440173, 0.0
-1.4726026355179451, 3.4268824151930546, 5.694676380231525, 0.022488452314052117, 1.4390163191368612, 1.345191894961792, 2.7515074983440173, 0.0
-1.5726026355179452, 3.4679978614166727, 5.78822719338677, 0.022488452314052117, 1.454566010365171, 1.338512196463731, 2.7515074983440173, 0.0
-1.6726026355179453, 3.509113307640291, 5.881778006542014, 0.022488452314052117, 1.4689988446282727, 1.3327302983330975, 2.924261641388248, 0.0
-1.758798181775362, 3.509113307640291, 5.881778006542014, 0.013564249249257535, 1.4462133727445126, 1.3631212668077852, 2.9056446330392087, 0.0
-1.858798181775362, 3.5538796131926276, 5.995020707788979, 0.013564249249257535, 1.4620655185147375, 1.3582849473101948, 2.720683831031897, 0.0
-1.9587981817753621, 3.598645918744964, 6.108263409035943, 0.013564249249257535, 1.4770030217517085, 1.35460683297429, 2.720683831031897, 0.0
-2.0587981817753622, 3.6434122242973004, 6.221506110282908, 0.013564249249257535, 1.4898711611698163, 1.3534355796350228, 2.720683831031897, 0.0
