0.22751138626981107, 1.6382434851554928, 2.5, 0.13314674094569875, 1.0567217488654697, 0.743234245224183, 2.7263340766371638
0.12751138626981107, 1.6823332380527085, 2.5, 0.13314674094569875, 1.0264946903196863, 0.7417667939681564, 2.871684765943617
0.06814640061213365, 1.6823332380527085, 2.5, 0.06874409898538804, 0.9867559715007674, 0.7653799751818092, 2.815245233919065
-0.03185359938786636, 1.7362701319275011, 2.5, 0.06874409898538804, 0.9687118252042065, 0.7551830722475346, 2.8373265125758067
-0.10361794684205278, 1.7362701319275011, 2.5, -0.07259806280162483, 0.9228705572258573, 0.7814188032651795, 2.87190484135701
-0.20361794684205278, 1.7837495875597984, 2.5, -0.07259806280162483, 0.9046792340831886, 0.7760714166548978, 2.6983119541178
-0.3036179468420528, 1.8312290431920957, 2.5, -0.07259806280162483, 0.8857691566734963, 0.7706399882328571, 2.813738401857549
-0.3432103881342934, 1.8312290431920957, 2.5, -0.053186147245350084, 0.8654194567242453, 0.7846143887413429, 2.8489167826768815
-0.44321038813429336, 1.8732923330370086, 2.586031966862128, -0.053186147245350084, 0.8479161030642323, 0.783338978796102, 2.7434267876952094
-0.5432103881342933, 1.9153556228819215, 2.6720639337242558, -0.053186147245350084, 0.8360857861449242, 0.7822258350535817, 2.7434267876952094
-0.6432103881342933, 1.9574189127268344, 2.758095900586384, -0.053186147245350084, 0.8288631709160801, 0.7813689921103517, 2.7434267876952094
-0.7432103881342933, 1.9994822025717474, 2.844127867448512, -0.053186147245350084, 0.82237595158225, 0.7808621490286598, 2.815047763518897
-0.7674121816373254, 1.9994822025717474, 2.844127867448512, -0.011973229036576726, 0.8133633895814909, 0.7907513969705476, 2.821098708507385
-0.8674121816373255, 2.0407094583330947, 3.0103586855828484, -0.011973229036576726, 0.8109929960877151, 0.7916801996514011, 2.750551459290151
-0.9674121816373256, 2.0819367140944425, 3.1765895037171847, -0.011973229036576726, 0.8126863127322556, 0.7931353213689512, 2.750551459290151
-1.0674121816373257, 2.12316396985579, 3.342820321851521, -0.011973229036576726, 0.8177149104746846, 0.7952079873872774, 2.7505514592901528
-1.1674121816373257, 2.164391225617137, 3.509051139985857, -0.011973229036576726, 0.8253395821837455, 0.797769713077534, 2.750551459290151
-1.2674121816373258, 2.205618481378485, 3.6752819581201934, -0.011973229036576726, 0.8348003210875891, 0.799158512204162, 2.750551459290151
-1.367412181637326, 2.2468457371398323, 3.84151277625453, -0.011973229036576726, 0.8453109897467034, 0.7997509802775559, 2.7802369771102446
-1.3764930233019186, 2.2468457371398323, 3.84151277625453, 0.0012923697541980122, 0.8427736886044012, 0.8030825609408282, 2.7955153547927027
-1.4764930233019187, 2.2861791371494173, 3.9664639136746755, 0.0012923697541980122, 0.8518320423222411, 0.8042375856006407, 2.766846004001207
-1.5764930233019188, 2.3255125371590024, 4.091415051094821, 0.0012923697541980122, 0.858716491311105, 0.8036265512466689, 2.766846004001207
-1.6764930233019188, 2.3648459371685875, 4.216366188514967, 0.0012923697541980122, 0.8619753125255969, 0.7986360142403306, 2.766846004001207
-1.776493023301919, 2.4041793371781726, 4.341317325935114, 0.0012923697541980122, 0.8630851459905688, 0.7918110107345298, 2.766846004001207
-1.876493023301919, 2.4435127371877576, 4.466268463355259, 0.0012923697541980122, 0.8601187508096654, 0.784652980777849, 2.766846004001207
-1.9764930233019191, 2.4828461371973427, 4.591219600775405, 0.0012923697541980122, 0.8559690742105603, 0.7779570503483035, 2.766846004001207
-2.076493023301919, 2.522179537206928, 4.716170738195551, 0.0012923697541980122, 0.8512176340433275, 0.7725198351352666, 2.766846004001207
-2.1764930233019193, 2.561512937216513, 4.841121875615697, 0.0012923697541980122, 0.8462336821691581, 0.7691323122486768, 2.9424125609898617
-2.271351175914473, 2.561512937216513, 4.841121875615697, -0.0007567600535834741, 0.8075003783825715, 0.8036900952478735, 2.923915765416095
-2.371351175914473, 2.6046119368232508, 4.952112130179469, -0.0007567600535834741, 0.8064728626539238, 0.8008703840967358, 2.734659385305337
-2.471351175914473, 2.6477109364299887, 5.06310238474324, -0.0007567600535834741, 0.8063784618874937, 0.7994810248639528, 2.734659385305337
-2.571351175914473, 2.6908099360367266, 5.174092639307012, -0.0007567600535834741, 0.8076018393500904, 0.7990032554068632, 2.734659385305337
-2.6713511759144732, 2.7339089356434645, 5.285082893870783, -0.0007567600535834741, 0.8105325771298183, 0.7989172604070258, 2.734659385305339
-2.7713511759144733, 2.777007935250202, 5.396073148434555, -0.0007567600535834741, 0.8155650142276335, 0.7987027939342725, 2.734659385305339
-2.8713511759144734, 2.82010693485694, 5.507063402998326, -0.0007567600535834741, 0.8230008758904871, 0.797908791750882, 2.734659385305337
-2.9713511759144735, 2.8632059344636778, 5.618053657562098, -0.0007567600535834741, 0.8323445449843655, 0.7965793353137762, 2.734659385305337
-3.0713511759144736, 2.9063049340704157, 5.729043912125869, -0.0007567600535834741, 0.8427044293172038, 0.7949745660896028, 2.734659385305337
-3.1713511759144737, 2.9494039336771536, 5.840034166689641, -0.0007567600535834741, 0.8531821250278205, 0.7933553514239555, 2.9057827957372826
-3.250720962687323, 2.9494039336771536, 5.840034166689641, -0.0023185156995193324, 0.8295073267346678, 0.8234314410944745, 2.9097821545294758
-3.3507209626873227, 2.991744876878829, 5.9309414331636665, -0.0023185156995193324, 0.8386681056713834, 0.8228648114651008, 2.741070002552774
-3.4507209626873223, 3.034085820080504, 6.021848699637692, -0.0023185156995193324, 0.8353319994152935, 0.8230492112324223, 2.741070002552774
-3.550720962687322, 3.0764267632821793, 6.112755966111717, -0.0023185156995193324, 0.8321754500317614, 0.8239634009152791, 2.741070002552776
-3.6507209626873216, 3.118767706483854, 6.203663232585742, -0.0023185156995193324, 0.8292908634168144, 0.8251295785771788, 2.741070002552776
-3.7507209626873212, 3.1611086496855294, 6.294570499059768, -0.0023185156995193324, 0.8267704970021457, 0.8260282253024765, 2.741070002552774
-3.850720962687321, 3.2034495928872047, 6.3854777655337935, -0.0023185156995193324, 0.8247063546750839, 0.8260058346164005, 2.741070002552774
-3.9507209626873205, 3.24579053608888, 6.476385032007819, -0.0023185156995193324, 0.8231900797888843, 0.8218563929455706, 2.741070002552774
-4.05072096268732, 3.288131479290555, 6.567292298481844, -0.0023185156995193324, 0.8222915586265481, 0.8154729909775568, 2.741070002552776
-4.15072096268732, 3.33047242249223, 6.658199564955869, -0.0023185156995193324, 0.8219837559831155, 0.8072860732416164, 2.741070002552776
-4.2507209626873195, 3.372813365693905, 6.749106831429895, -0.0023185156995193324, 0.8216583910878787, 0.7980914478962415, 2.741070002552774
-4.350720962687319, 3.4151543088955805, 6.840014097903921, -0.0023185156995193324, 0.8216607359306761, 0.7886381630778624, 2.868438093730867
-4.4018537136392855, 3.4151543088955805, 6.840014097903921, -0.0009318989456759058, 0.8010040768402237, 0.802859607795128, 2.8754233392908977
-4.501853713639285, 3.456358898194227, 6.905728608663719, -0.0009318989456759058, 0.8008215802975542, 0.7958505599462017, 2.750745210402604
-4.601853713639285, 3.497563487492873, 6.971443119423519, -0.0009318989456759058, 0.8009530334846388, 0.7909775637247503, 2.750745210402604
-4.701853713639284, 3.5387680767915195, 7.037157630183318, -0.0009318989456759058, 0.8013443029476143, 0.7884163747147388, 2.750745210402604
-4.801853713639284, 3.579972666090166, 7.102872140943116, -0.0009318989456759058, 0.8019412174326945, 0.787719077154483, 2.750745210402604
-4.901853713639284, 3.621177255388812, 7.168586651702916, -0.0009318989456759058, 0.8026896241489216, 0.7884073055175342, 2.750745210402604
-5.001853713639283, 3.6623818446874585, 7.234301162462715, -0.0009318989456759058, 0.8035354444264218, 0.7900017317453372, 2.7507452104026062
-5.101853713639283, 3.7035864339861044, 7.300015673222513, -0.0009318989456759058, 0.803381904301022, 0.7920225800027714, 2.7507452104026062
-5.201853713639283, 3.7447910232847508, 7.365730183982313, -0.0009318989456759058, 0.803112496696314, 0.7939901424347616, 2.750745210402604
-5.301853713639282, 3.785995612583397, 7.431444694742112, -0.0009318989456759058, 0.8027912713496627, 0.7955167457303138, 2.750745210402604
-5.401853713639282, 3.8272002018820435, 7.4971592055019105, -0.0009318989456759058, 0.8024328776817243, 0.7965981794012765, 2.750745210402604
-5.5018537136392816, 3.86840479118069, 7.562873716261709, -0.0009318989456759058, 0.8020520195336357, 0.7973305557300121, 2.750745210402604
-5.601853713639281, 3.909609380479336, 7.628588227021509, -0.0009318989456759058, 0.801663439429196, 0.797810010593562, 2.750745210402604
-5.701853713639281, 3.9508139697779825, 7.694302737781308, -0.0009318989456759058, 0.8012819035896565, 0.7981326035569127, 2.908083260702294
-5.775092726871282, 3.9508139697779825, 7.694302737781308, -4.800576996089091e-05, 0.773179988781812, 0.8246962684710523, 2.9058112808510894
-5.875092726871282, 3.992434646585362, 7.72675205672297, -4.800576996089091e-05, 0.7728192707208019, 0.8241918441520905, 2.747193464120044
-5.9750927268712815, 4.034055323392741, 7.759201375664632, -4.800576996089091e-05, 0.7725158357901475, 0.8238184000819974, 2.747193464120046
-6.075092726871281, 4.07567600020012, 7.791650694606294, -4.800576996089091e-05, 0.772284398938751, 0.8236715155981986, 2.747193464120044
-6.175092726871281, 4.1172966770075, 7.824100013547956, -4.800576996089091e-05, 0.7721396485064608, 0.8238463987281522, 2.747193464120044
-6.27509272687128, 4.158917353814879, 7.856549332489618, -4.800576996089091e-05, 0.7720962291537361, 0.824437790570627, 2.747193464120044
-6.37509272687128, 4.200538030622259, 7.88899865143128, -4.800576996089091e-05, 0.7721687248208899, 0.8255398744876643, 2.747193464120044
-6.47509272687128, 4.242158707429638, 7.9214479703729435, -4.800576996089091e-05, 0.772368837986061, 0.826854560869905, 2.747193464120048
-6.575092726871279, 4.283779384237017, 7.953897289314606, -4.800576996089091e-05, 0.7726954912233291, 0.8283251274449877, 2.747193464120044
-6.675092726871279, 4.325400061044397, 7.986346608256268, -4.800576996089091e-05, 0.7725024504230248, 0.8295507786786666, 2.747193464120044
-6.775092726871279, 4.367020737851776, 8.01879592719793, -4.800576996089091e-05, 0.7720155826376203, 0.8300522468194569, 2.747193464120044
-6.875092726871278, 4.408641414659156, 8.051245246139592, -4.800576996089091e-05, 0.7716369883485201, 0.8293510261636514, 2.747193464120044
-6.975092726871278, 4.450262091466535, 8.083694565081254, -4.800576996089091e-05, 0.7713622777750652, 0.8269698643740062, 2.747193464120044
-7.0750927268712775, 4.491882768273915, 8.116143884022916, -4.800576996089091e-05, 0.7711870183438966, 0.8198074564508877, 2.747193464120044
-7.175092726871277, 4.533503445081294, 8.148593202964578, -4.800576996089091e-05, 0.7711067397394257, 0.8109868712590984, 2.807929468502271
-7.195167499809001, 4.533503445081294, 8.148593202964578, 0.00011342226399148862, 0.7635216733579794, 0.8171881911533051, 2.8188032704049286
-7.295167499809001, 4.5736670142652445, 8.152200551794278, 0.00011342226399148862, 0.7623724716891518, 0.8094911977231536, 2.7596769931193914
-7.395167499809, 4.613830583449196, 8.155807900623978, 0.00011342226399148862, 0.7612991911010915, 0.8021451749887715, 2.7596769931193914
-7.495167499809, 4.653994152633146, 8.15941524945368, 0.00011342226399148862, 0.7602976586305499, 0.7959473431852245, 2.7596769931193954
-7.5951674998089995, 4.6941577218170965, 8.16302259828338, 0.00011342226399148862, 0.7593636957791084, 0.7916938888847572, 2.7596769931193914
-7.695167499808999, 4.734321291001048, 8.16662994711308, 0.00011342226399148862, 0.7580057335833954, 0.7898411888220788, 2.7596769931193914
-7.795167499808999, 4.774484860184998, 8.17023729594278, 0.00011342226399148862, 0.7561669532264802, 0.7899985549104634, 2.7596769931193954
-7.8951674998089985, 4.814648429368948, 8.17384464477248, 0.00011342226399148862, 0.7543990786967971, 0.7916446912528879, 2.7596769931193914
-7.995167499808998, 4.8548119985529, 8.177451993602181, 0.00011342226399148862, 0.7527062083124605, 0.7942579934765703, 2.7596769931193914
-8.095167499808998, 4.89497556773685, 8.181059342431881, 0.00011342226399148862, 0.7510924185552558, 0.7973170622011925, 2.7596769931193954
-8.195167499808997, 4.9351391369208, 8.184666691261581, 0.00011342226399148862, 0.7495617595553312, 0.8003011928624864, 2.7596769931193914
-8.295167499808997, 4.975302706104752, 8.188274040091281, 0.00011342226399148862, 0.7481182505066666, 0.8027282057258505, 2.7596769931193914
-8.395167499808997, 5.015466275288702, 8.191881388920981, 0.00011342226399148862, 0.7467658750281965, 0.8045615281324219, 2.7596769931193954
-8.495167499808996, 5.055629844472652, 8.195488737750683, 0.00011342226399148862, 0.745508576487212, 0.8060561658589402, 2.7596769931193914
-8.595167499808996, 5.095793413656604, 8.199096086580383, 0.00011342226399148862, 0.7443502533033481, 0.8067286697973833, 2.7596769931193914
-8.695167499808996, 5.135956982840554, 8.202703435410083, 0.00011342226399148862, 0.7432947542532103, 0.807730069001994, 2.9347382545375447
-8.786553706909995, 5.135956982840554, 8.202703435410083, -0.0005853164108069272, 0.7077331308377162, 0.8431598916582244, 2.9253143463678364
-8.886553706909995, 5.178007375508204, 8.176337139546085, -0.0005853164108069272, 0.7084216824215581, 0.8439563254608236, 2.743536375771131
-8.986553706909994, 5.220057768175855, 8.149970843682086, -0.0005853164108069272, 0.7092303160674178, 0.8455178082993103, 2.743536375771131
-9.086553706909994, 5.262108160843505, 8.123604547818088, -0.0005853164108069272, 0.7101490055647559, 0.8462586432252204, 2.743536375771131
-9.186553706909994, 5.304158553511156, 8.09723825195409, -0.0005853164108069272, 0.7111677388018112, 0.8461563953754065, 2.743536375771131
-9.286553706909993, 5.346208946178806, 8.070871956090093, -0.0005853164108069272, 0.7112649690718468, 0.8448196897838764, 2.743536375771131
-9.386553706909993, 5.388259338846457, 8.044505660226093, -0.0005853164108069272, 0.7112363803759073, 0.8417294596033834, 2.743536375771131
-9.486553706909993, 5.430309731514107, 8.018139364362096, -0.0005853164108069272, 0.7112702954634456, 0.8348754430196169, 2.743536375771135
-9.586553706909992, 5.472360124181757, 7.991773068498097, -0.0005853164108069272, 0.7113570926465377, 0.8254476495774574, 2.743536375771131
-9.686553706909992, 5.514410516849408, 7.9654067726341, -0.0005853164108069272, 0.7114871742213347, 0.8156734619281883, 2.743536375771131
-9.786553706909991, 5.5564609095170585, 7.939040476770101, -0.0005853164108069272, 0.7116509802145338, 0.8063490113700351, 2.743536375771131
-9.886553706909991, 5.5985113021847095, 7.912674180906103, -0.0005853164108069272, 0.7118390021183492, 0.7982721429104882, 2.743536375771131
-9.98655370690999, 5.64056169485236, 7.886307885042105, -0.0005853164108069272, 0.7120417966193511, 0.7922336593732023, 2.743536375771131
-10.08655370690999, 5.682612087520011, 7.859941589178107, -0.0005853164108069272, 0.7122565429427753, 0.7885504412705387, 2.743536375771131
-10.18655370690999, 5.724662480187661, 7.833575293314109, -0.0005853164108069272, 0.7125100726558423, 0.7868082476716444, 2.9148171677310435
-10.268791506584451, 5.724662480187661, 7.833575293314109, -0.0018195531760018813, 0.679640157553273, 0.8187741631653538, 2.9111966928503152
-10.36879150658445, 5.767408373408122, 7.774004645957488, -0.0018195531760018813, 0.6803442173554415, 0.8186680040662893, 2.7376411133794862
-10.46879150658445, 5.810154266628583, 7.7144339986008665, -0.0018195531760018813, 0.6812032374154209, 0.8195430165919253, 2.7376411133794862
-10.56879150658445, 5.852900159849044, 7.654863351244246, -0.0018195531760018813, 0.6822514591775988, 0.8203599434115956, 2.7376411133794822
-10.66879150658445, 5.895646053069506, 7.595292703887625, -0.0018195531760018813, 0.6835227554149774, 0.8202161217979764, 2.7376411133794822
-10.76879150658445, 5.9383919462899675, 7.535722056531004, -0.0018195531760018813, 0.6845134644637828, 0.8196220391341696, 2.7376411133794862
-10.868791506584449, 5.981137839510429, 7.476151409174383, -0.0018195531760018813, 0.6852757691267308, 0.818674242238668, 2.7376411133794862
-10.968791506584449, 6.02388373273089, 7.416580761817762, -0.0018195531760018813, 0.6864038614862606, 0.8174698982075922, 2.7376411133794862
-11.068791506584448, 6.066629625951351, 7.357010114461142, -0.0018195531760018813, 0.6879319302073555, 0.8161062623993794, 2.7376411133794862
-11.168791506584448, 6.109375519171812, 7.29743946710452, -0.0018195531760018813, 0.6898937464757832, 0.8146805695025463, 2.7376411133794822
-11.268791506584448, 6.152121412392274, 7.2378688197478995, -0.0018195531760018813, 0.6922982723780831, 0.8132898998492003, 2.7376411133794822
-11.368791506584447, 6.1948673056127355, 6.866130811674477, -0.0018195531760018813, 0.6950438905481249, 0.8120297820689671, 2.7376411133794862
-11.468791506584447, 6.237613198833197, 6.494392803601054, -0.0018195531760018813, 0.6979980379140106, 0.810993384297268, 2.7376411133794862
-11.568791506584446, 6.280359092053658, 6.122654795527631, -0.0018195531760018813, 0.7010286948717642, 0.8096319094563875, 2.7534615483279863
-11.573337433210234, 6.280359092053658, 5.750916787454209, 0.0007721388623943397, 0.6994335507052191, 0.811158278372881, 2.772645321675032
-11.673337433210234, 6.3207820491493125, 5.379178779380785, 0.0007721388623943397, 0.7002740850677316, 0.8123955447720741, 2.7574454208181436
-11.773337433210234, 6.361205006244968, 5.007440771307363, 0.0007721388623943397, 0.7009117533419454, 0.8142098422120089, 2.7574454208181436
-11.873337433210233, 6.401627963340623, 4.63570276323394, 0.0007721388623943397, 0.7012182194425107, 0.8166390281173609, 2.757445420818147
-11.973337433210233, 6.4420509204362775, 4.263964755160517, 0.0007721388623943397, 0.6995556072032444, 0.8193601204053628, 2.7574454208181436
-12.073337433210233, 6.482473877531933, 3.8922267470870944, 0.0007721388623943397, 0.6968752518511299, 0.8219041858431099, 2.7574454208181436
-12.17333698272705, 6.522896766662598, 3.5670828819274902, 0.0007721388623943397, 0.6933377376348959, 0.8238024315116327, 2.757445420818147
-12.273337433210232, 6.563319791723242, 3.486472447713216, 0.0007721388623943397, 0.6888150678603966, 0.8245870376611464, 2.7574454208181436
-12.373337433210231, 6.603742748818898, 3.4524561564127603, 0.0007721388623943397, 0.6831805116542511, 0.8229048716510124, 2.7574454208181436
-12.473337433210231, 6.644165705914553, 3.4184398651123047, 0.0007721388623943397, 0.6763997070879917, 0.8169878558233176, 2.757445420818147
-12.57333743321023, 6.684588663010207, 3.3844235738118487, 0.0007721388623943397, 0.6682794356626488, 0.8097126990790886, 2.7574454208181436
-12.67333743321023, 6.725011620105863, 3.350407282511393, 0.0007721388623943397, 0.659355793727382, 0.8018338573622756, 2.7574454208181436
-12.77333743321023, 6.765434577201518, 3.3163909912109375, 0.0007721388623943397, 0.6511092089631297, 0.7941073752283799, 2.8903294678622977
-12.830816445495875, 6.765434577201518, 3.2823746999104815, 0.0110022271153973, 0.6250803641736616, 0.8125689915988427, 2.8885146410728026
-12.930816445495875, 6.806162304532679, 3.248358408610026, 0.0110022271153973, 0.6189221697066933, 0.8066136175508978, 2.754828550057954
-13.030816445495875, 6.84689003186384, 3.2143421173095703, 0.0110022271153973, 0.6144436913571589, 0.8028752428897108, 2.7548285500579577
-13.130816459655762, 6.887617588043213, 3.1803258260091143, 0.0110022271153973, 0.6121300270944368, 0.8008747819921254, 2.7548285500579577
-13.230816445495874, 6.928345486526161, 3.1463095347086587, 0.0110022271153973, 0.6124618844999214, 0.8002507585460893, 2.754828550057954
-13.330816445495874, 6.969073213857322, 3.112293243408203, 0.0110022271153973, 0.6159151138408382, 0.8012821707645577, 2.754828550057954
-13.430816445495873, 7.009800941188483, 3.078276952107747, 0.0110022271153973, 0.6229607318719929, 0.8035906247116934, 2.7548285500579577
-13.530816445495873, 7.050528668519643, 3.0442606608072915, 0.0110022271153973, 0.634065554416241, 0.8067981866293922, 2.7548285500579577
-13.630816445495872, 7.091256395850804, 3.010244369506836, 0.0110022271153973, 0.6478350461765687, 0.8100455525845531, 2.754828550057954
-13.730816445495872, 7.131984123181965, 2.9762280782063804, 0.0110022271153973, 0.664169086984296, 0.81273023681535, 2.914537368976503
-13.80709693254789, 7.131984123181965, 2.9422117869059243, 0.03257508054196679, 0.6497870900276057, 0.843338770936822, 2.9229834875508884
-13.907096932547889, 7.171146506481561, 2.9081954956054688, 0.03257508054196679, 0.674324410694245, 0.8474344008525889, 2.7683279001020513
-14.007096932547888, 7.210308889781158, 2.874179204305013, 0.03257508054196679, 0.6995108716970141, 0.8490363114936711, 2.7683279001020513
-14.107096932547888, 7.249471273080753, 2.840162913004557, 0.03257508054196679, 0.7293093710460773, 0.8493329459273338, 2.7683279001020553
-14.207096932547888, 7.288633656380349, 2.8061466217041016, 0.03257508054196679, 0.7648086855849969, 0.8480459070416088, 2.7683279001020513
-14.307096932547887, 7.327796039679946, 2.772130330403646, 0.03257508054196679, 0.8036193694413964, 0.8450268803374583, 2.7683279001020513
-14.407096932547887, 7.3669584229795415, 2.73811403910319, 0.03257508054196679, 0.8447097734741862, 0.8393326891156074, 2.8447012239905374
-14.435106402813656, 7.3669584229795415, 2.7040977478027344, 0.0812612206452292, 0.8466230706238748, 0.8472769415493204, 2.9076992115425626
-14.535106402813655, 7.397457194273315, 2.670081456502279, 0.0812612206452292, 0.8855388829544725, 0.8490025410960514, 2.8455662804903317
-14.635106402813655, 7.427955965567088, 2.6360651652018228, 0.0812612206452292, 0.9288554190477271, 0.8507016223049196, 2.8455662804903277
-14.735106402813654, 7.458454736860863, 2.602048873901367, 0.0812612206452292, 0.9742616942064467, 0.8528382855437967, 2.8455662804903277
-14.835106402813654, 7.488953508154636, 2.5680325826009116, 0.0812612206452292, 1.0258402351758138, 0.8557569998783882, 2.9340992896329925
-14.87997762354217, 7.488953508154636, 2.5340162913004556, 0.20214567791346164, 1.0359270611023617, 0.8710067178285664, 2.957693704498269
-14.979977623542169, 7.515899622432379, 2.5, 0.20214567791346164, 1.0870235070049947, 0.8760854535897356, 2.8783831308614443
-15.079977623542169, 7.54284573671012, 2.5, 0.20214567791346164, 1.144236458792959, 0.8765503728426303, 2.9462623181969594
-15.116170187857103, 7.54284573671012, 2.5, 0.6177601987556504, 1.1549355995880624, 0.8835724182151663, 3.046677466375833
-15.216170187857102, 7.555811438392397, 2.5, 0.6177601987556504, 1.2017094418323788, 0.8706480573834523, 3.1148794710515144
-15.31584984110694, 7.548181084887974, 2.5, 1.6823508763337922, 1.234766898567296, 0.8659604965630182, -2.985602638643276
-15.413139131505307, 7.524834589370236, 2.5, 1.7861743154140133, 1.2539460875263087, 0.8769993716600083, -2.8417131564196962
-15.509707867207831, 7.4882393649592345, 2.5, 1.2851489930923972, 1.268981770252636, 0.9038164452129038, -2.787634163543667
-15.512173365471703, 7.4882393649592345, 2.5, 0.9322557575405754, 1.2702695390775076, 0.9034478901819245, -2.6844155604296454
-15.612173365471703, 7.43783271051386, 2.5, 0.9322557575405754, 1.2763554760967868, 0.9444914313069881, -2.723895747985306
-15.625749705156954, 7.43783271051386, 2.5, 0.634612837132505, 1.2836397876370722, 0.9441024053785878, -2.607068290572707
-15.725749705156954, 7.370594293144747, 2.5, 0.634612837132505, 1.2860955906932194, 1.006535897913035, -2.651498072250142
-15.751780074579306, 7.370594293144747, 2.5, 0.4435434838786873, 1.300739284468056, 1.006333344523131, -2.545043236636173
-15.851780074579306, 7.28500919748034, 2.5, 0.4435434838786873, 1.2939653058293046, 1.0925154688089145, -2.575704803093151
-15.886521095327351, 7.28500919748034, 2.5, 0.35544974325528217, 1.3168001788847399, 1.093211012046337, -2.4885524532516476
-15.986521095327351, 7.181930606545568, 2.5, 0.35544974325528217, 1.3058322628259944, 1.199727824446044, -2.5071216797545306
-16.026576392276656, 7.181930606545568, 2.5, 0.33463800631917145, 1.333801207158964, 1.201685969345317, -2.4304761831953035
-16.126576392276657, 7.061276912489644, 2.5, 0.33463800631917145, 1.3215716924369405, 1.3252810721915818, -2.4370168341564806
-16.16849840020496, 7.061276912489644, 2.5, 0.34265507753374413, 1.3527189483508941, 1.3179180944033004, -2.364938481440699
-16.26849840020496, 6.921815382462209, 2.5, 0.34265507753374413, 1.339540059157496, 1.405736904416653, -2.0383138241049212
-16.26849840020496, 6.863197005141176, 2.5, 0.3467701741598338, 1.3039357105719762, 1.4580905548531715, -2.2907139045846248
-16.407594358376763, 6.763197005141176, 2.5, 0.3467701741598338, 1.3576076294238237, 1.4427421952910793, -2.2436072183759883
-16.407594358376763, 6.688637458369976, 2.5, 0.3410017885528938, 1.3171417051830037, 1.4859418868807666, -2.2174489590793054
-16.53937563365852, 6.588637458369976, 2.5, 0.3410017885528938, 1.375222443360491, 1.430231111305538, -2.1882801040697575
-16.53937563365852, 6.5030606496392585, 2.5, 0.3435174927288904, 1.3302375901057446, 1.4728690381648006, -2.139680403582218
-16.65803257044487, 6.403060649639259, 2.5, 0.3435174927288904, 1.3851582426551912, 1.408619498311038, -2.135861282041975
-16.65803257044487, 6.315912830131725, 2.5, 0.36598568165444556, 1.3457269871872242, 1.4428865436867755, -2.0582503006608355
-16.75724378365138, 6.2159128301317255, 2.5, 0.36598568165444556, 1.3890721712323297, 1.389240735843121, -2.0714109956288005
-16.75724378365138, 6.134572938021968, 2.5, 0.42017910355350907, 1.352313280425083, 1.4202232199571836, -1.9727789202516512
-16.834337205954785, 6.034572938021968, 2.5, 0.42017910355350907, 1.379283684953451, 1.383211679612766, -1.9878317676401163
-16.834337205954785, 5.960555585718788, 2.5, 0.5117405479119901, 1.3488641915189192, 1.3857394343601008, -1.8755595209189448
-16.88907662101183, 5.860555585718789, 2.5, 0.5117405479119901, 1.3582120251942285, 1.3217138415719025, -1.873150370871399
-16.88907662101183, 5.785062300974683, 2.5, 0.5890801168637012, 1.3275448302085218, 1.3120873228435466, -1.773743299521685
-16.925189619694653, 5.685062300974684, 2.5, 0.5890801168637012, 1.3219572587652375, 1.262032720498285, -1.749811577546627
-16.925189619694653, 5.585490436227049, 2.5, 0.5570971808593458, 1.28475059054258, 1.2453469208562222, -1.677948043348485
-16.94665630705362, 5.48549043622705, 2.5, 0.5570971808593458, 1.2689002694871365, 1.206625323984315, -1.7036899847611502
-16.94665630705362, 5.424909666381488, 2.5, 0.3936106610206782, 1.2469805559515152, 1.1957264713559201, -1.5870347051159015
-16.949264107562044, 5.3249096663814885, 2.5, 0.3936106610206782, 1.2152327291287182, 1.174972498266026, -1.5968684227336645
-16.951871908070473, 5.224909666381489, 2.5, 0.3936106610206782, 1.1853002702443973, 1.1541944006000606, -1.5865029518299694
-16.951871908070473, 5.158891438237111, 2.5, 0.2137241193805065, 1.1640207935310827, 1.1420630085231283, -1.53704872701209
-16.94626706340205, 5.0588914382371115, 2.5, 0.2137241193805065, 1.127922257188768, 1.1297272570969694, -1.5148064604616085
-16.940662218733628, 4.958891438237112, 2.5, 0.2137241193805065, 1.0937484142107716, 1.1174534742589146, -1.5148064604616085
-16.935057374065206, 4.858891438237112, 2.5, 0.2137241193805065, 1.0615856565935076, 1.105168891329307, -1.5187519815091122
-16.935057374065206, 4.851295055377421, 2.5, 0.1046440074331098, 1.0592327736491824, 1.1037535251118207, -1.4816001575866187
-16.92543465603882, 4.751295055377422, 2.584539737998108, 0.1046440074331098, 1.0235879838422668, 1.095329853740317, -1.4748645178865412
-16.915811938012435, 4.651295055377422, 2.6690794759962158, 0.1046440074331098, 0.9891080879803231, 1.0867635112189575, -1.4748645178865412
-16.90618921998605, 4.551295055377422, 2.7536192139943236, 0.1046440074331098, 0.9569621454974958, 1.0781116679912035, -1.4748645178865412
-16.896566501959665, 4.451295055377423, 2.8381589519924315, 0.1046440074331098, 0.9273598565373871, 1.06948748981267, -1.4748645178865412
-16.88694378393328, 4.351295055377423, 2.9226986899905394, 0.1046440074331098, 0.8993239278558195, 1.061004509396639, -1.5097385684984346
-16.88694378393328, 4.293890700375715, 2.9226986899905394, 0.04832148020049276, 0.8882615292586022, 1.0520020925618976, -1.4820582555961839
-16.872939246438992, 4.193890700375714, 3.0465304953011203, 0.04832148020049276, 0.8597118583146176, 1.0481619600343717, -1.4316558828999764
-16.858934708944705, 4.093890700375715, 3.170362300611701, 0.04832148020049276, 0.8326107661033755, 1.0446647473009156, -1.4316558828999586
-16.844930171450414, 3.9938907003757147, 3.2941941059222817, 0.04832148020049276, 0.8067978642780514, 1.0415907568774563, -1.431655882899959
-16.830925633956127, 3.8938907003757146, 3.4180259112328626, 0.04832148020049276, 0.7843787172330395, 1.038857621384945, -1.4316558828999764
-16.81692109646184, 3.7938907003757145, 3.5418577165434435, 0.04832148020049276, 0.7655834353241728, 1.0363633845849072, -1.4316558828999764
-16.802916558967553, 3.6938907003757144, 3.6656895218540244, 0.04832148020049276, 0.7499547321828349, 1.0340061146865736, -1.4941436146095166
-16.802916558967553, 3.6115475345104766, 3.6656895218540244, 0.02214619983718174, 0.7483137472022139, 1.020132801151634, -1.4832989571646777
-16.786921171628425, 3.5115475345104765, 3.7421342755390534, 0.02214619983718174, 0.7355007749975755, 1.019695775886453, -1.4121860401746218
-16.770925784289297, 3.4115475345104764, 3.818579029224082, 0.02214619983718174, 0.7270718921339389, 1.0191252821094636, -1.4121860401746218
-16.75493039695017, 3.3115475345104763, 3.895023782909111, 0.02214619983718174, 0.7211238523731696, 1.0184577684933929, -1.4121860401746218
-16.73893500961104, 3.2115475345104763, 3.9714685365941396, 0.02214619983718174, 0.7173223714645661, 1.0177488743182628, -1.4121860401746218
-16.722939622271912, 3.111547534510476, 4.047913290279168, 0.02214619983718174, 0.7174053124185406, 1.0170542275274177, -1.4121860401746218
-16.706944234932784, 3.011547534510476, 4.124358043964198, 0.02214619983718174, 0.7208982927708552, 1.0164294437640888, -1.4121860401746218
-16.690948847593656, 2.911547534510476, 4.200802797649226, 0.02214619983718174, 0.7273264111688317, 1.01593012532819, -1.4633655152263607
-16.690948847593656, 2.863230646370939, 4.200802797649226, 0.012998906496030811, 0.7376351951144329, 1.0079263375298562, -1.4610424780620632
-16.674604819309305, 2.763230646370939, 4.221908976854048, 0.012998906496030811, 0.7462738734355956, 1.007910498456219, -1.40878846658555
-16.658260791024954, 2.663230646370939, 4.2430151560588705, 0.012998906496030811, 0.7568706783152834, 1.0078319403538014, -1.40878846658555
-16.641916762740603, 2.563230646370939, 4.264121335263693, 0.012998906496030811, 0.768950103946967, 1.0075700833805823, -1.40878846658555
-16.625572734456252, 2.463230646370939, 4.285227514468515, 0.012998906496030811, 0.7820375118209563, 1.0070043438604364, -1.40878846658555
-16.6092287061719, 2.3632306463709387, 4.306333693673338, 0.012998906496030811, 0.7956590931885552, 1.0060141363573327, -1.40878846658555
-16.59288467788755, 2.2632306463709386, 4.32743987287816, 0.012998906496030811, 0.8093418189191829, 1.0045219038433366, -1.40878846658555
-16.5765406496032, 2.1632306463709385, 4.348546052082982, 0.012998906496030811, 0.8226479991087129, 1.0026601901239225, -1.40878846658555
-16.56019662131885, 2.0632306463709384, 4.369652231287804, 0.012998906496030811, 0.8355478366000918, 1.0006255742414778, -1.4530915270894675
-16.56019662131885, 2.025016406099245, 4.369652231287804, 0.008982362770044836, 0.8455718155150893, 0.9947143791712074, -1.4469031173218634
-16.542984660090976, 1.9250164060992447, 4.339064362725997, 0.008982362770044836, 0.857378454441755, 0.9936150247443826, -1.4003468176912623
-16.525772698863104, 1.8250164060992446, 4.308476494164189, 0.008982362770044836, 0.8692645820436864, 0.9927363883358875, -1.4003468176912623
-16.508560737635232, 1.7250164060992446, 4.277888625602382, 0.008982362770044836, 0.8814771905437472, 0.9922728032174708, -1.4003468176912623
-16.49134877640736, 1.6250164060992445, 4.247300757040575, 0.008982362770044836, 0.8942629859001919, 0.9923027928457224, -1.4003468176912623
-16.474136815179488, 1.5250164060992444, 4.216712888478768, 0.008982362770044836, 0.9078708886025653, 0.992730249370418, -1.4003468176912623
-16.456924853951616, 1.4250164060992443, 4.186125019916961, 0.008982362770044836, 0.922555242064613, 0.9934446098312295, -1.4003468176912623
-16.439712892723744, 1.3250164060992442, 4.155537151355153, 0.008982362770044836, 0.9385795726023021, 0.9943353318012405, -1.4003468176912623
-16.422500931495872, 1.2250164060992441, 4.124949282793346, 0.008982362770044836, 0.956011426782217, 0.9952918953147124, -1.453291395039379
-16.422500931495872, 1.1792125625732308, 4.124949282793346, 0.0058116514438105, 0.9705989909534474, 0.9873604684739102, -1.449772704810319
-16.404768563943442, 1.079212562573231, 4.029704375359212, 0.0058116514438105, 0.9899656429800523, 0.9885893575337568, -1.3952969258375454
-16.387036196391016, 0.979212562573231, 3.934459467925078, 0.0058116514438105, 1.0109832215974894, 0.9897125804991953, -1.3952969258375456
-16.369303828838586, 0.879212562573231, 3.839214560490944, 0.0058116514438105, 1.0329990711702437, 0.9907461360398188, -1.3952969258375283
-16.351571461286156, 0.779212562573231, 3.7439696530568103, 0.0058116514438105, 1.0553172049465036, 0.9917060434153058, -1.3952969258375283
-16.333839093733726, 0.679212562573231, 3.648724745622676, 0.0058116514438105, 1.0772080928863779, 0.9926083421056033, -1.3952969258375456
-16.3161067261813, 0.5792125625732311, 3.553479838188542, 0.0058116514438105, 1.0979244758909992, 0.9934691201667377, -1.3952969258375456
-16.29837435862887, 0.4792125625732311, 3.4582349307544082, 0.0058116514438105, 1.1167199578034939, 0.9943126588578743, -1.477472324120774
-16.29837435862887, 0.38975585385980227, 3.4582349307544082, 0.011032297669835397, 1.1448180483051202, 0.979541104192106, -1.4641139551745235
-16.278085639655234, 0.2897558538598023, 3.271188134732337, 0.011032297669835397, 1.1533582635560393, 0.9829779151624535, -1.3706261706274712
-16.2577969206816, 0.18975585385980231, 3.084141338710266, 0.011032297669835397, 1.1587336995105755, 0.9865359213804675, -1.370626170627454
-16.23750820170796, 0.08975585385980228, 2.8970945426881944, 0.011032297669835397, 1.1622485579931243, 0.9902614661167598, -1.370626170627454
-16.217219482734325, -0.010244146140197724, 2.710047746666123, 0.011032297669835397, 1.1660039833027938, 0.9942007706083019, -1.3706261706274712
-16.19693076376069, -0.11024414614019773, 2.523000950644052, 0.011032297669835397, 1.1679614365126374, 0.9983457304892156, -1.3808379923576526
-16.19693076376069, -0.11576252786391128, 2.523000950644052, 0.045831684154987555, 1.1694085628810826, 0.9974231604806759, -1.3803069787196895
-16.176583935639897, -0.21576252786391126, 2.517250712983039, 0.045831684154987555, 1.1721190120197957, 1.0016697259796359, -1.3700681163163557
-16.1562371075191, -0.31576252786391124, 2.511500475322026, 0.045831684154987555, 1.1785404885088322, 1.0057487778418204, -1.3700681163163386
-16.135890279398303, -0.4157625278639112, 2.505750237661013, 0.045831684154987555, 1.184982005066993, 1.0094590397579928, -1.3700681163163557
-16.11554345127751, -0.5157625278639112, 2.5, 0.045831684154987555, 1.1953886978014725, 1.0125995916584234, -1.4251141680995507
-16.11554345127751, -0.5544389588479185, 2.5, 0.15865405400409927, 1.207256019721168, 1.00637548797126, -1.3409815349579426
-16.08310037635781, -0.6544389588479185, 2.5, 0.15865405400409927, 1.2132310572065035, 1.0196038921899442, -1.257079381716223
-16.050657301438108, -0.7544389588479185, 2.5, 0.15865405400409927, 1.2207715652486675, 1.032650258320628, -1.3357524839267556
-16.050657301438108, -0.7899175856083863, 2.5, 0.4862488161337333, 1.2356429626419512, 1.0258854336752097, -1.2304595155806521
-16.00268216836454, -0.8899175856083863, 2.5, 0.4862488161337333, 1.2404209558270614, 1.054982433151881, -1.0986865539434592
-15.952363572046213, -0.9824152751482357, 2.5, 1.2865445547120524, 1.2443794667253811, 1.0889847622922577, -0.9935737579271549
-15.890539761319719, -1.062124850342482, 2.5, 1.6949116395641197, 1.2380406392213805, 1.1386065012299789, -0.8461131356358171
-15.819085185601185, -1.132946349938365, 2.5, 1.095922832216145, 1.2268027714160386, 1.1991935397739575, -0.7261964409456876
-15.737524827331885, -1.198016034477669, 2.5, 0.8056327202546969, 1.2125995812235741, 1.2723174087371254, -0.6277055572592039
-15.63927512807417, -1.2634176793065068, 2.5, 0.47210611340875647, 1.194637766604484, 1.2415144579639221, -0.607247739790537
-15.53927512807417, -1.3357658754244663, 2.5, 0.47210611340875647, 1.1894381845723094, 1.20276821183359, -0.5245696428571768
-15.514244866959189, -1.3357658754244663, 2.5, 0.3438730327974127, 1.1751405546351492, 1.2104943010970008, -0.5683736898420723
-15.414244866959189, -1.4156197617925694, 2.5, 0.3438730327974127, 1.1915295546409008, 1.1636401808596109, -0.48401971981174935
-15.362353656948606, -1.4156197617925694, 2.5, 0.3872589136571978, 1.1679144031053317, 1.178316371964707, -0.4457860454822417
-15.262353656948607, -1.4882037629310887, 2.5, 0.3872589136571978, 1.1956440578083865, 1.130188454671513, -0.40481423580247655
-15.192954705770031, -1.4882037629310887, 2.5, 0.39504100154842203, 1.1736030849902477, 1.1426652369777814, -0.35310882522656906
-15.092954705770032, -1.550636690260635, 2.5, 0.39504100154842203, 1.2096013975959687, 1.097043389534067, -0.3245698889288449
-15.007401358591773, -1.550636690260635, 2.5, 0.35423879563850025, 1.1954608798548891, 1.1111083249913791, -0.27632887660020766
-14.907401358591773, -1.6032566172633242, 2.5, 0.35423879563850025, 1.2351658455749381, 1.076680013561632, -0.2601265167187816
-14.809698785352577, -1.6032566172633242, 2.5, 0.3638213538064846, 1.2307120393119149, 1.0951923275637214, -0.09518847847911607
-14.709698785352577, -1.622132669873646, 2.5, 0.3638213538064846, 1.252996024056957, 1.0968329856930608, -0.186565387209467
-14.609698785352577, -1.6410087224839678, 2.5, 0.3638213538064846, 1.2829881369763663, 1.100101377302934, -0.1765406541767311
-14.603890051261365, -1.6410087224839678, 2.5, 0.3854711073816108, 1.2838731928196923, 1.1014807375195865, -0.09405377239935195
-14.503890051261365, -1.6509898819347684, 2.5, 0.3854711073816108, 1.312799397825784, 1.1133127015660607, -0.09948210892245626
-14.403890051261365, -1.6609710413855687, 2.5, 0.3854711073816108, 1.348611652667444, 1.1201096149345515, -0.09381771426211578
-14.397813513410357, -1.6609710413855687, 2.5, 0.3901218851745238, 1.3504194832473417, 1.1210477979868025, -0.021599118263889196
-14.297813513410357, -1.6632625574302005, 2.5, 0.3901218851745238, 1.3858027822682961, 1.1242652653645746, -0.011946084499290424
-14.20600112190031, -1.6632625574302005, 2.5, 0.480716787722258, 1.4218029245093717, 1.1226014998812028, 0.052920814917147785
-14.106001121900311, -1.6531022025160362, 2.5, 0.480716787722258, 1.4576240696569536, 1.127983526357074, 0.06464903107111415
-14.049058384444633, -1.6531022025160362, 2.5, 0.7714431864834362, 1.4846240252271978, 1.1230464075852098, 0.14965331270574353
-13.949058384444633, -1.6294382776338598, 2.5, 0.7714431864834362, 1.5141037927268834, 1.1382368929961721, 0.17611823742859936
-13.916086629351398, -1.6294382776338598, 2.5, 1.6402904136027394, 1.5317621399552108, 1.1353999746795482, 0.2919152095649521
-13.816086629351398, -1.589480299640555, 2.5, 1.6402904136027394, 1.556129332949162, 1.1656279722278478, 0.3059310636472662
-13.789576026963848, -1.589480299640555, 2.5, 1.6595017047166962, 1.5721522763209497, 1.16270142299893, 0.7230660553739355
-13.70962263042065, -1.4955250586764057, 2.5, -0.6906592881725476, 1.5511354182834403, 1.2491744824581132, 0.6345322373740445
-13.61685602040691, -1.46234466012582, 1.8, -0.8776322131563669, 1.5912137878718084, 1.2748977330362699, 0.3907935050656287
-13.532187557455071, -1.4224248607542744, 1.8, 1.2880503609879788, 1.6257198300435258, 1.3081733621602643, 0.49769111373351604
-13.456779566153886, -1.3753737945093893, 1.8, 1.6252671740798534, 1.6489416067632534, 1.3345361490235246, 0.626561737632594
-13.391794371092127, -1.3207995953387923, 1.8, 1.96411766575777, 1.6635476749774807, 1.2569844396163588, 0.7797654702628873
-13.338391461533176, -1.2583119213877558, 1.8, 2.1268992663624924, 1.6682896808818668, 1.1898862757352882, 0.9521438215203027
-13.297141410458405, -1.1878370169766679, 1.8, 1.985247443351729, 1.662509540039938, 1.1303974379751136, 1.123840808299723
-13.26730676901846, -1.110004285161697, 1.831133507490158, 1.6654771692563966, 1.6450700388751984, 1.0827296143589453, 1.2766418772974126
-13.247974019565781, -1.025537779035144, 1.8622670149803162, 1.3277496568165046, 1.6162868454291286, 1.0425195322136172, 1.4060000974340618
-13.238229644452812, -0.9351615516893224, 1.8934005224704742, 1.0333034538274206, 1.5804670719954446, 1.0110152017787408, 1.5127032058988135
-13.237160126031997, -0.8395996562165332, 1.9245340299606324, 0.7971666712504153, 1.5391111018822994, 0.9874191397337504, 1.599537886862548
-13.24385194665578, -0.7395996562165332, 1.9556675374507904, 0.7971666712504153, 1.4877155525338217, 0.9703994578112102, 1.637599253942289
-13.24385194665578, -0.7395761457090866, 1.9868010449409486, 0.6147320942963201, 1.487705339322683, 0.9703937844694429, 1.7053431069125804
-13.257391588676608, -0.6395761457090866, 2.0179345524311065, 0.6147320942963201, 1.4345421285671767, 0.9596204102666764, 1.7005518275204976
-13.257391588676608, -0.6358150732592937, 2.0490680599212645, 0.47524463257630856, 1.4331141537780536, 0.958720190444323, 1.7563187881065934
-13.27686553444692, -0.5358150732592937, 2.080201567411423, 0.47524463257630856, 1.3798665211794503, 0.9528358395253144, 1.7511972169190013
-13.268165588378906, -0.5270446538925171, 2.111335039138794, 0.36791290727232195, 1.377308998092311, 0.9512604355143522, 1.7963005057338997
-13.301360266319163, -0.42904049195945404, 2.142468582391739, 0.36791290727232195, 1.3174840152456275, 0.9492122787926732, 1.7917208383000445
-13.301360266319163, -0.41997645490188257, 2.173602089881897, 0.28381034197477356, 1.314417421530657, 0.9472024808052356, 1.8272703866835696
-13.32996226664578, -0.31997645490188253, 2.2047355973720553, 0.28381034197477356, 1.2567958030530963, 0.9487729930497415, 1.823795202387959
-13.32996226664578, -0.3093470151788789, 2.2358691048622132, 0.21602470698897672, 1.2539561559714552, 0.9460708323367789, 1.8506608798383068
-13.361758017779215, -0.2093470151788789, 2.267002612352371, 0.21602470698897672, 1.1963513008207265, 0.9516795588029758, 1.8486559735445642
-13.361758017779215, -0.1978762258827539, 2.298136119842529, 0.1592512880349362, 1.1930685737634812, 0.9484505815356682, 1.8674690227501167
-13.395834002071913, -0.09787622588275388, 2.329269627332687, 0.1592512880349362, 1.1354843050696428, 0.9580524142038438, 1.8671751258811238
-13.395834002071913, -0.08628814010581867, 2.3604031348228456, 0.1092851995656585, 1.1331308004528262, 0.9551902063239249, 1.878339605088325
-13.431276701876314, 0.013711859894181333, 2.3915366423130036, 0.1092851995656585, 1.0824031037419255, 0.9679516560853302, 1.8799161796499346
-13.431276701876314, 0.024693189059627252, 2.4226701498031615, 0.06254389491684499, 1.0804194958514162, 0.9662040638183388, 1.8836174005367698
-13.467172599544863, 0.12469318905962726, 2.45380365729332, 0.06254389491684499, 1.0281876134543564, 0.9813702336952684, 1.8871670779692198
-13.467172599544863, 0.1343437085212691, 2.484937164783478, 0.018864784057026164, 1.0270305161519435, 0.9799782807160433, 1.8833736746209613
-13.502608540843102, 0.2343437085212691, 2.516070672273636, 0.018864784057026164, 0.9849202854437344, 0.9979491156404056, 1.888950945009046
-13.502608540843102, 0.24193968818078762, 2.547204179763794, -0.012042202592471572, 0.9848077793980032, 0.9969484009626397, 1.879535239176218
-13.536924942037325, 0.3419396881807876, 2.578337687253952, -0.012042202592471572, 0.945937073384168, 1.0160768422314135, 1.8865549640455612
-13.536924942037325, 0.3469827661142686, 2.60947119474411, -0.021540602738231007, 0.9458453385042578, 1.0154604202962259, 1.8772178001499553
-13.570159131528582, 0.44698276611426857, 2.6406047022342682, -0.021540602738231007, 0.9164768374527259, 1.0343373744797657, 1.8840190284466083
-13.570159131528582, 0.4495939813733221, 2.671738209724426, -0.01791777196047113, 0.9167236041953823, 1.0340355106574546, 1.8758281879316538
-13.6024671187724, 0.5495939813733222, 2.702871717214584, -0.01791777196047113, 0.8923506033243578, 1.0504662771386377, 1.882107548788363
-13.6024671187724, 0.5499998542564178, 2.7340052247047426, -0.011770838496484406, 0.892388874861173, 1.0503829745900903, 1.8796845722852258
-13.6340049132243, 0.6484269050620108, 2.7651387321949006, -0.004828197725306056, 0.8761328650802016, 1.0613457426725643, 1.8806333068327847
-13.664928524339803, 0.7451016540885704, 2.7962722396850586, 0.0028286891818555273, 0.8643968562293365, 1.0630228029531859, 1.8805250863138199
-13.695393961574434, 0.8402506216345554, 2.8274057471752165, 0.011081840747868896, 0.8601554086327874, 1.0616397726960751, 1.8812148877801658
-13.725557234383714, 0.9341003279984247, 2.8585392546653745, 0.019778311077786236, 0.8587371634653291, 1.0578296836017616, 1.882732830076864
-13.755574352223167, 1.0268772934786474, 2.8896727621555325, 0.028734487110487084, 0.8652782559576514, 1.0546044008934605, 1.885097191465129
-13.785601324548313, 1.118808038373679, 2.920806269645691, 0.03774313296013535, 0.8718065595375094, 1.0514171309340312, 1.8883131428220923
-13.815794160814681, 1.2101190829819886, 2.951939777135849, 0.04658286720465489, 0.8850864879204727, 1.0500482250842011, 1.8923719183322172
-13.846308870477788, 1.301036947602035, 2.9830732846260073, 0.055029432609649286, 0.899986537831945, 1.0507250217778974, 1.8972505047576371
-13.877301462993158, 1.3917881525322773, 3.0142067921161653, 0.062867839544616, 0.9171689573191155, 1.0527550075302599, 1.9029118986092373
-13.908927917480469, 1.482599139213562, 3.0453402996063232, 0.06990428835960463, 0.9376613148620562, 1.0554043446876307, 1.90930594131317
-13.941344334402785, 1.5736966645172121, 3.0038289562861125, 0.07588723217033515, 0.9592707777251954, 1.0579353149202164, 1.9163706997208896
-13.974706632208084, 1.6653070121688291, 2.9623176129659017, 0.0746366813038879, 0.980156457535483, 1.0557528596807926, 1.9240172065245524
-14.00916677469669, 1.7576554243483213, 2.920806269645691, 0.05172690931536068, 1.0010907626837813, 1.0435124638811402, 1.930998076630939
-14.044597344972697, 1.8508740632457044, 2.87929492632548, 0.00519822875158956, 1.0192771216078458, 1.033961921062286, 1.9343177918260988
-14.080416646942751, 1.9449438527290792, 2.8377835830052693, -0.04986963824382636, 1.0321598830221297, 1.025834110758008, 1.93209230432309
-14.116001308428336, 2.0398318418925663, 2.7962722396850586, -0.10439737582920923, 1.0372405345090148, 1.0190931144233462, 1.9242696667404222
-14.150727957250943, 2.1355050798303004, 2.7547608963648478, -0.15870899737450314, 1.0386030526359251, 1.0156091549598334, 1.910886509263212
-14.183973221232055, 2.2319306156364047, 2.713249553044637, -0.2137894727246777, 1.0368737171359417, 1.0143547080687312, 1.8919065035824068
-14.215113728193156, 2.329075498405003, 2.671738209724426, -0.2704034164365104, 1.0351254153950284, 1.0122327865373868, 1.8672334698254975
-14.243526105955736, 2.4269067772302293, 2.6302268664042154, -0.3290311905983746, 1.0341804387581042, 1.013667577275783, 1.8367284422871546
-14.268586982341285, 2.525391501206204, 2.5887155230840047, -0.38976930749580685, 1.0343914720033838, 1.0135502623822301, 1.8002325213024994
-14.289672985171283, 2.624496719427061, 2.547204179763794, -0.4521958601445224, 1.0381112724318393, 1.0150573318948708, 1.7575975126043522
-14.30616074226722, 2.724189480986925, 2.505692836443583, -0.5152149556208864, 1.046370237662782, 1.0158456189443432, 1.7088946655625037
-14.317426881450583, 2.824189480986925, 2.4641814931233723, -0.5152149556208864, 1.060144944302407, 1.0171278966272252, 1.6827101519067842
-14.317426881450583, 2.824436834979919, 2.4226701498031615, -0.5769162192459323, 1.0601980036274627, 1.0171005124519543, 1.6248214316225957
-14.322848030542858, 2.924436834979919, 2.3811588064829508, -0.5769162192459323, 1.0801983639123813, 1.016359688896863, 1.6245423045197454
-14.322848030542858, 2.9252058305001762, 2.33964746316274, -0.6345142473504266, 1.0803625613465853, 1.0163505376014985, 1.560404484787025
-14.321800817365531, 3.0252058305001763, 2.298136119842529, -0.6345142473504266, 1.1067639704997394, 1.0177242297991236, 1.560454634390081
-14.321800817365531, 3.0264635166418183, 2.2566247765223184, -0.6844567392622288, 1.1070304553534829, 1.0177078514836726, 1.490590193668827
-14.313661869740091, 3.1264635166418184, 2.2151134332021076, -0.6844567392622288, 1.13992713121081, 1.0132649000400098, 1.4909480382911215
-14.313661869740091, 3.1281769424989796, 2.173602089881897, -0.7187652768695548, 1.1402861413721959, 1.0134140893821235, 1.4161707281209672
-14.29780781659763, 3.2281769424989797, 2.132090746561686, -0.7187652768695548, 1.1797761507841291, 1.0114683528906918, 1.4168007014284403
-14.29780781659763, 3.230313156219682, 2.0905794032414753, -0.7194766912853722, 1.1802170910639498, 1.0118698835656945, 1.3399753023326277
-14.273804829476877, 3.330313156219682, 2.0490680599212645, -0.7194766912853722, 1.2262171742376804, 1.0065171740892909, 1.340471895549336
-14.273804829476877, 3.3326775935791138, 2.0075567166010537, -0.6881796388407058, 1.2266959661953356, 1.006976419748654, 1.2689860946890197
-14.241936649479964, 3.432677593579114, 1.9660453732808432, -0.6881796388407058, 1.2784241618374097, 1.0007084294978827, 1.2673747719918358
-14.241936649479964, 3.4344638589481105, 1.9245340299606324, -0.6537297790543722, 1.2787771074601326, 1.0012395337300508, 1.2024993555103358
-14.202656797901959, 3.5344638589481105, 1.8830226866404216, -0.6537297790543722, 1.3348510593764369, 0.9993224938383254, 1.1973858956693997
-14.202656797901959, 3.5347207946295645, 1.8415113433202108, -0.6336797974667849, 1.334881208232707, 0.999424982298829, 1.1300801941295129
-14.156418796037931, 3.632497242926382, 1.8, -0.6297882688985447, 1.3918976263363865, 0.9937316856876467, 1.0950637632718563
-14.103676165182954, 3.726842046141461, 1.8, -0.6417762927460361, 1.4453876291286907, 0.9901933698306172, 1.0265863243347833
-14.044882426632094, 3.8168040465776962, 1.8, -0.6701222586355072, 1.419296723567302, 0.9909420920288727, 0.95634353059884
-13.980491101680427, 3.901432086537994, 1.8, -0.7159943137563619, 1.3256747612728736, 0.9877102555918983, 0.8829136624032105
-13.91095571162302, 3.979775008325248, 1.8, -0.7810741248202173, 1.2348020895072989, 0.9853008484317084, 0.8047955681498581
-13.83672977775494, 4.050881654242365, 1.8, -0.8671506850181994, 1.1479201118299855, 0.9854412961842659, 0.7203971820713134
-13.758266821371265, 4.113800866592238, 1.8, -0.975273469090722, 1.0662893136258034, 0.9783111755511789, 0.6280643910520055
-13.67602036376706, 4.167581487677769, 1.8, -1.1031722843992153, 0.9911690598637367, 0.9704153820622495, 0.5261820115617988
-13.590443926237398, 4.211272359801859, 1.8, -1.218949826666657, 0.9237988723199047, 0.9606690256038741, 0.41360516483341153
-13.501986226852493, 4.243969272562477, 1.8, -1.2456414553203436, 0.8645543952905961, 0.9404943380604114, 0.2947916284870859
-13.410994478118914, 4.265760143094277, 1.8, -1.152792618876433, 0.8134147154672411, 0.9185080297466817, 0.18093676151741858
-13.341367903309282, 4.255494717849455, 1.8, -0.9985770902516963, 0.7705126019663489, 0.8901511049643477, 0.07956071385929007
-13.271741328499651, 4.245229292604632, 1.8, -0.8335376091541692, 0.7352694616978056, 0.8567219738181681, -0.0077689576986128646
-13.202114753690019, 4.23496386735981, 1.8, -0.6753173605341443, 0.7071779562742574, 0.8238037112227965, -0.08096243049972107
-13.132488178880386, 4.224698442114987, 1.8, -0.5319466713107643, 0.6857734108442268, 0.7834679355683271, -0.14070528178846162
-13.062861604070756, 4.214433016870165, 1.8, -0.4053588014551209, 0.6702659967628051, 0.7484228312095043, -0.1889305427804898
-12.993235029261124, 4.2041675916253425, 1.8, -0.4053588014551209, 0.6599732211574151, 0.7082958936713244, -0.20855457401196548
-12.923608454451491, 4.1939021663805205, 1.8, -0.2940344827463509, 0.659631709831222, 0.7081609677215738, -0.24096266393935536
-12.85398187964186, 4.183636741135698, 1.8, -0.2940344827463509, 0.6534736037163664, 0.6768738567893844, -0.23913154350990032
-12.784355304832228, 4.173371315890876, 1.8, -0.194852647286365, 0.6528663761661833, 0.676887920969, -0.26101489541237843
-12.714728730022598, 4.163105890646053, 1.8, -0.194852647286365, 0.6497481807288931, 0.6428742588834118, -0.25965667562651956
-12.645102155212966, 4.152840465401231, 1.827427396774292, -0.10411805415310084, 0.6489715332548496, 0.6428890726398578, -0.2714988642116692
-12.575475580403333, 4.142575040156408, 1.854854793548584, -0.10411805415310084, 0.6477927221369715, 0.6183232262378117, -0.27071658720904307
-12.505849005593703, 4.132309614911586, 1.8822821903228761, -0.018020414527215152, 0.6469382777864725, 0.6183470213510196, -0.2727998829635747
-12.43622243078407, 4.122044189666763, 1.909709587097168, -0.018020414527215152, 0.6465861476882697, 0.5991896790459653, -0.2726377226271229
-12.366595855974438, 4.111778764421941, 1.93713698387146, 0.06722765857008742, 0.6457374068304879, 0.5996826603521973, -0.2650303982690877
-12.296969281164808, 4.101513339177118, 1.964564380645752, 0.06722765857008742, 0.6450849660038757, 0.5832720437976402, -0.26547997403482304
-12.227342706355175, 4.091247913932296, 1.991991777420044, 0.15539898868808477, 0.6443161686196571, 0.5837588178746292, -0.24803665696269755
-12.157716131545543, 4.080982488687473, 2.019419174194336, 0.15539898868808477, 0.6422236750445383, 0.5728968301037849, -0.2490361766651871
-12.088089556735913, 4.070717063442651, 2.046846570968628, 0.2499090488349082, 0.6416008274572607, 0.5733234571615394, -0.22140959443054042
-12.01846298192628, 4.060451638197829, 2.07427396774292, 0.2499090488349082, 0.6369200635150729, 0.5639455465356636, -0.22283596245947976
-11.948836407116648, 4.050186212953006, 2.101701364517212, 0.3374274174431463, 0.6365039416465624, 0.5639980566797452, -0.18467577033748594
-11.879209832307017, 4.039920787708184, 2.129128761291504, 0.3374274174431463, 0.6281017748022848, 0.5499373638466936, -0.18632386631861717
-11.809583257497385, 4.0296553624633615, 2.156556158065796, 0.37595670324888897, 0.6279516992915624, 0.5499585709968394, -0.14505011806314788
-11.739956682687755, 4.0193899372185395, 2.183983554840088, 0.34587279602709775, 0.6155727531734008, 0.5356670777802961, -0.12854581509833862
-11.670330107878122, 4.009124511973717, 2.21141095161438, 0.2798415640329591, 0.5999609553940609, 0.5223022343042436, -0.09729634818104117
-11.60070353306849, 3.9988590867288942, 2.238838348388672, 0.20512155322362022, 0.5817927146282884, 0.510978830418873, -0.07337171221564401
-11.531076958258858, 3.988593661484072, 2.266265745162964, 0.12570016634219663, 0.5617475816907801, 0.5028119213675282, -0.057155970207019104
-11.461450383449227, 3.9783282362392494, 2.293693141937256, 0.0435590768251014, 0.5404993017278468, 0.4989085778684751, -0.048890481451747785
-11.391823808639595, 3.968062810994427, 2.321120538711548, -0.03953225027887328, 0.5187080264282286, 0.4995147333486052, -0.048693491917285225
-11.322197233829964, 3.957797385749605, 2.34854793548584, -0.1218843129726758, 0.497013941057549, 0.5028054008680217, -0.05657143702189083
-11.252570659020332, 3.947531960504782, 2.321120538711548, -0.20172756663543143, 0.47603328375220755, 0.5066497646704823, -0.07241905040522754
-11.1829440842107, 3.93726653525996, 2.293693141937256, -0.2770764838710157, 0.45635854170775525, 0.5089184673944703, -0.09600817486369272
-11.11331750940107, 3.9270011100151376, 2.266265745162964, -0.34566931606058376, 0.43856535775972855, 0.5074835314327103, -0.126967988604994
-11.043690934591437, 3.916735684770315, 2.238838348388672, -0.4050301898140488, 0.42323003868977255, 0.5002220422609336, -0.16501219047194046
-10.974064359781806, 3.9064702595254928, 2.21141095161438, -0.4050301898140488, 0.4111803206854238, 0.486631619102811, -0.18508547065797892
-10.904437784972174, 3.8962048342806703, 2.183983554840088, -0.45268115405870013, 0.4110674564551753, 0.48663212105616493, -0.23431120954844648
-10.834811210162542, 3.885939409035848, 2.156556158065796, -0.45268115405870013, 0.4035776454681345, 0.4703692565970413, -0.2317615201764332
-10.76518463535291, 3.8756739837910255, 2.129128761291504, -0.48642515982629103, 0.40306153632952113, 0.47037033017416124, -0.28663150030840157
-10.695558060543279, 3.865408558546203, 2.101701364517212, -0.48642515982629103, 0.4012391260770518, 0.45191408221462187, -0.2831347563504018
-10.625931485733647, 3.8551431333013806, 2.07427396774292, -0.49816907629241125, 0.40030597339421004, 0.45254318929286025, -0.3425958828969667
-10.525931485733647, 3.8184867910776887, 2.0250049090385436, -0.49816907629241125, 0.4053108013830283, 0.4319255018458285, -0.33803822909966635
-10.521655260755828, 3.8184867910776887, 1.9757358503341673, -0.47691177542060814, 0.4039903960990807, 0.4329801289067725, -0.39718388554027956
-10.421655260755829, 3.774745245156387, 1.926466791629791, -0.47691177542060814, 0.41657784229051725, 0.41885161773918744, -0.3928593295464567
-10.416101672625866, 3.774745245156387, 1.877197732925415, -0.4359043635780946, 0.4150506354732829, 0.4203829901821745, -0.44446245601135576
-10.316101672625866, 3.7244760317657457, 1.8279286742210388, -0.4359043635780946, 0.4350868492389396, 0.4152041201713811, -0.4434045851867599
-10.310259801489993, 3.7244760317657457, 1.7786596155166625, -0.4010602117595653, 0.4336914505428448, 0.41830766196056696, -0.48766787328396816
-10.210259801489993, 3.6683379013476394, 1.7293905568122863, -0.4010602117595653, 0.46083088868007144, 0.4146841240359521, -0.4907679835947225
-10.205205995736337, 3.6683379013476394, 1.6801214981079102, -0.38160418313228633, 0.45979355451071796, 0.41754972994703804, -0.5285495276697679
-10.105205995736338, 3.6069896043439456, 1.630852439403534, -0.38160418313228633, 0.4935820783549457, 0.4312905085239573, -0.5363813453077887
-10.10201644897461, 3.606989622116089, 1.5815833806991577, -0.3764021101002971, 0.4930140190439002, 0.4331819465214336, -0.5683397967185786
-10.002016603753042, 3.5410898911965303, 1.6034008741378785, -0.3764021101002971, 0.5329346974732736, 0.4557475712991059, -0.581533729478375
-10.00176797392822, 3.5410898911965303, 1.6252183675765992, -0.3848585519032241, 0.5328949311293801, 0.4559428624438007, -0.6262493835281846
-9.905536454650019, 3.4712975123472702, 1.6470358610153197, -0.40786902717845985, 0.5789923145857478, 0.4833479065499909, -0.6512823302807202
-9.814398394306563, 3.3982712182380417, 1.6688533544540405, -0.44797615957116066, 0.6309775735427366, 0.5233147293236537, -0.7009806093761938
-9.72943014128599, 3.3226697593107173, 1.6906708478927612, -0.5098225078192878, 0.6881630031983551, 0.5584160552193352, -0.7849777314030754
-9.582308450766018, 3.1663763487692824, 1.712488341331482, -0.6009710829866636, 0.8128192038238387, 0.6452634282127865, -0.8497762307582915
-9.522307710042877, 3.087001898038915, 1.7343058347702027, -0.7331629690219698, 0.8778267090610241, 0.6867571843105063, -0.9666817606966521
-9.472782170195147, 3.0076872842579476, 1.7561233282089233, -0.9238910320052556, 0.9431421386941247, 0.7289282460957914, -1.064804743054757
-9.434808179610958, 2.929091257868254, 1.777940821647644, -1.1973259170760822, 0.9394705492310272, 0.7632543472854626, -1.1848015292816634
-9.389039039611816, 2.8568294048309326, 1.7997583150863647, -1.5809368934702055, 0.9179340526513288, 0.7882726272934719, -1.3326990537362275
-9.397820239785737, 2.7766899690301914, 1.8, -2.087333615316379, 0.906936378710603, 0.8067558436032002, -1.5131771574833086
-9.400943584288832, 2.70419475044644, 1.8, -2.627016987654375, 0.9085006436367559, 0.8168206149147325, -1.7188136777311953
-9.419005691595547, 2.6346086055616413, 1.8, -2.87756087604427, 0.923536685978683, 0.817998788618844, -1.9206894608085558
-9.450825460676153, 2.5674973932796354, 1.8, -2.5957676375014347, 0.9499555800786019, 0.8065979899796206, -2.093004188087298
-9.49510765225999, 2.502371715134299, 1.8, -2.0262484809380217, 0.9867566593856061, 0.7862981763790178, -2.229845631656331
-9.550557027076415, 2.438742172659496, 1.8, -1.469547247619524, 1.0304152341608586, 0.7629504109693767, -2.3340072699171928
-9.615878345854775, 2.3761193673891037, 1.8, -1.0259804155356822, 1.0176052736790426, 0.7397402128671827, -2.4110407419070325
-9.689776369324415, 2.314013900856994, 1.8, -0.6993169026346109, 0.9861720063414302, 0.7116292344269581, -2.4663761943574936
-9.770955858214684, 2.25193637459704, 1.8, -0.46345637537071505, 0.9545831257484578, 0.6864102642239566, -2.5043647422566275
-9.858121573254925, 2.1893973901431196, 1.8, -0.2909297230945826, 0.9234548467387679, 0.6675326280630438, -2.5281982073900338
-9.949978275174498, 2.1259075490290953, 1.8, -0.16046263796730845, 0.8933314239034292, 0.6517359077060085, -2.5400954523822366
-10.045230724702748, 2.060977452788844, 1.8, -0.0570159796404501, 0.8648032262212881, 0.6430152134079962, -2.5415169823261454
-10.142583682569018, 1.9941177029562391, 1.8, 0.029843675216215275, 0.8356424733089935, 0.6427760689795412, -2.533340059075365
-10.240741909502661, 1.9248389010651534, 1.8, 0.10747542372616394, 0.8085716546422681, 0.6491999584426089, -2.515987423632123
-10.338410166233015, 1.852651648649464, 1.8, 0.1812547409609485, 0.7861807768566699, 0.6630403422365229, -2.4895206562063614
-10.434293213489443, 1.7770665472430338, 1.8, 0.25525200599787756, 0.7703920894433007, 0.6849118252968689, -2.4537136173581975
-10.527095812001287, 1.6975941983797402, 1.8, 0.3308394734479319, 0.7558495506308403, 0.7154314817266684, -2.4085448208468385
-10.615584085449994, 1.6138283789616028, 1.8, 0.394244276608804, 0.7526752720810612, 0.755114357831838, -2.3573230393537243
-10.69902962922718, 1.5260480153846137, 1.8, 0.4272024561211953, 0.7527619226606405, 0.802905097535668, -2.304552683866806
-10.776952653109012, 1.434869022280417, 1.8, 0.4392638790659994, 0.7656052188913238, 0.8573324205928318, -2.2512247537906545
-10.848875098123573, 1.3409096609329652, 1.7836062502861023, 0.45221123681954517, 0.7836727545372781, 0.9163749248596135, -2.1965774472824475
-10.914318905298938, 1.2447881926262303, 1.7672125005722046, 0.47398990145244163, 0.8088061078264499, 0.9219219186390261, -2.1397703664850436
-10.97280601566318, 1.1471228786441778, 1.7508187508583068, 0.5059305241454009, 0.8421362829880863, 0.9108606650532698, -2.079871542672776
-11.023858370244376, 1.0485319802707738, 1.7344250011444091, 0.5497807513858093, 0.8812289717682135, 0.9091383045569832, -2.015832252387844
-11.066997910070606, 0.9496337587899837, 1.7180312514305114, 0.6077919785750339, 0.9174723846834641, 0.9207311163243992, -1.946465477024555
-11.101746576169937, 0.8510464754857797, 1.7016375017166139, 0.6826827074062651, 0.9561000012266971, 0.9430421619018227, -1.870436297031172
-11.127626309570456, 0.7533883916421141, 1.6852437520027161, 0.7774221456898109, 0.9952799448124339, 0.9718569955971401, -1.786279960672727
-11.144159051300237, 0.6572777685429592, 1.6688500022888184, 0.8946415315860988, 1.0333926148606365, 0.9571561414274693, -1.6924745752654795
-11.15086674238735, 0.5633328674722806, 1.6524562525749207, 1.0353759088940544, 1.0677653602824944, 0.9369313956929158, -1.5876082204267163
-11.147271156311035, 0.47217193245887756, 1.636062502861023, 1.1968135084838054, 1.0940975168467648, 0.9228428973724606, -1.4706847351415187
-11.132894736745891, 0.3844132765522216, 1.652456247806549, 1.3690613932119782, 1.1160306024656865, 0.9190161975453556, -1.341583901290514
-11.107258922073473, 0.3006751092707659, 1.6688499927520752, 1.528902163318917, 1.1327158243331343, 0.9276864984802025, -1.202172961465634
-11.06997641574477, 0.22153071339257802, 1.6852437376976013, 1.6112011529063914, 1.1436125223048295, 0.9486006740227853, -1.0615258786230655
-11.021517615991003, 0.14712727991057548, 1.7016374826431275, 1.543893091243821, 1.1428012684759299, 0.9822003155637488, -0.9315917386028592
-10.962825856659329, 0.07737710685939372, 1.7180312275886536, 1.362273719196977, 1.1378934073641565, 1.0282691383385356, -0.8169964717937037
-10.894849414916669, 0.01219003707478122, 1.7344249725341796, 0.9654825668910237, 1.1304237152537628, 1.069773184685174, -0.7174468987037455
-10.818536567929922, -0.0485240866075274, 1.7508187174797059, 0.8039156116655116, 1.1140000821575105, 1.0640654000146406, -0.631536655315272
-10.734835592866006, -0.1048554213517833, 1.767212462425232, 0.8893732427170363, 1.0971702208956309, 1.062733893448125, -0.5574357427571299
-10.644694766891831, -0.15689412432224265, 1.7836062073707581, 0.13248883886596383, 1.0764877711336471, 1.0634148697079935, -0.587520283447862
-10.544694900512695, -0.2314835488796234, 1.7999999523162842, 0.13248883886596383, 1.0736240508593191, 1.0463539060349525, -0.6408682272769948
-10.444694766891832, -0.306072968455543, 1.8195179462432862, 0.13248883886596383, 1.0754614621551495, 1.0232104688920118, -0.40198424160766794
-10.369245611424889, -0.306072968455543, 1.839035940170288, 0.10096792847634856, 1.0348925489000085, 1.0512917661232146, -0.4873954688024396
-10.26924561142489, -0.39906931125103284, 1.85855393409729, 0.10096792847634856, 1.0634328159400972, 0.9905463056259536, -0.4565273504619638
-10.179894249771055, -0.39906931125103284, 1.878071928024292, 0.5058494638855945, 1.0217918927944414, 1.007412878566806, -0.25101992295402065
-10.079894249771055, -0.44762442075583486, 1.897589921951294, 0.5058494638855945, 1.022323859600388, 0.9746862339493839, -0.37949261509729415
-10.058148700026244, -0.44762442075583486, 1.917107915878296, 1.3182882069684423, 1.013049807529983, 0.9783788144532188, -0.23750959728410756
-9.958148700026245, -0.47709643263236945, 1.9366259098052978, 1.3182882069684423, 1.0033757559844276, 0.9611188854440563, -0.23158487628506486
-9.933169719339569, -0.47709643263236945, 1.9561439037322998, 0.701132542222799, 0.9956118235825464, 0.9634631810556534, -0.10241758107772576
-9.833169719339569, -0.4899414208635757, 1.9756618976593017, 0.701132542222799, 0.9735590236891063, 0.9612571699988294, -0.12775034702333257
-9.735029220581055, -0.51809161901474, 1.97969388961792, 0.701132542222799, 0.959952243654716, 0.9577310300539315, -0.1209262747250029
-9.727466341967778, -0.502786409094782, 2.1218292115161708, 0.19178460742849904, 0.9587725703026253, 0.9583657384465665, -0.08222317975619123
-9.627466341967779, -0.5114973162150944, 2.2484785314460383, 0.19178460742849904, 0.9430640637479324, 0.9576142507396637, -0.08688974130901002
-9.527466341967779, -0.5202082233354068, 2.3751278513759058, 0.19178460742849904, 0.9359284103524417, 0.9543851037011348, -0.08688974130901002
-9.42746634196778, -0.5289191304557193, 2.501777171305773, 0.19178460742849904, 0.9298764639761816, 0.9493639227740507, -0.05343512118368167
-9.364603143334906, -0.5289191304557193, 2.62842649123564, 0.06298211241415788, 0.9252928952301936, 0.9516813451903132, -0.024505129445026634
-9.264603143334906, -0.5329109132757213, 2.755075811165507, 0.06298211241415788, 0.9231772307500223, 0.9477801634364148, -0.03989664631912313
-9.164603143334906, -0.5369026960957232, 2.8817251310953744, 0.06298211241415788, 0.9283541701842892, 0.9417718523735189, -0.03989664631912313
-9.064603143334907, -0.5408944789157252, 3.0083744510252415, 0.06298211241415788, 0.9337591893255967, 0.9334512152250779, -0.03989664631912313
-8.964603143334907, -0.5448862617357271, 3.135023770955109, 0.06298211241415788, 0.9447910873147838, 0.9222122106392567, -0.03989664631912313
-8.864603143334907, -0.5488780445557291, 3.261673090884976, 0.06298211241415788, 0.96019803168557, 0.9085397328541172, -0.02541982206059526
-8.807602713242666, -0.5488780445557291, 3.261673090884976, 0.026704229544839374, 0.9657108007981987, 0.9023945004643089, -0.014055527226289654
-8.707602713242666, -0.5510849137054488, 3.4027572295960935, 0.026704229544839374, 0.9822013269579088, 0.8904557295715118, -0.022065109859818483
-8.607602713242667, -0.5532917828551686, 3.5438413683072105, 0.026704229544839374, 1.0000970104220783, 0.8795433796900287, -0.022065109859818483
-8.507602713242667, -0.5554986520048882, 3.684925507018328, 0.026704229544839374, 1.0179133781644099, 0.87066304025738, -0.022065109859817928
-8.407602713242667, -0.5577055211546079, 3.8260096457294455, 0.026704229544839374, 1.034165736819531, 0.8647513280386095, -0.022065109859817928
-8.307602713242668, -0.5599123903043276, 3.9670937844405625, 0.026704229544839374, 1.046817483684544, 0.8604840005039878, -0.022065109859818483
-8.207602713242668, -0.5621192594540474, 4.10817792315168, 0.026704229544839374, 1.0521779729768552, 0.8573788851941694, -0.022065109859818483
-8.107602713242668, -0.5643261286037671, 4.249262061862797, 0.026704229544839374, 1.0533428760686008, 0.8560371590007861, -0.014562890460531514
-8.056072826769082, -0.5643261286037671, 4.249262061862797, 0.015651548609398047, 1.0511866378498063, 0.8571564034437482, -0.004425618178479955
-7.956072826769082, -0.5649967464021949, 4.360819484342335, 0.015651548609398047, 1.0466090384073612, 0.8576968117758358, -0.006706077455071894
-7.856072826769083, -0.5656673642006227, 4.472376906821874, 0.015651548609398047, 1.0394234751413243, 0.8568131163558227, -0.006706077455071894
-7.756072826769083, -0.5663379819990505, 4.583934329301412, 0.015651548609398047, 1.03159035181472, 0.8534924762941953, -0.006706077455071894
-7.656072826769083, -0.5670085997974783, 4.695491751780951, 0.015651548609398047, 1.0236201203648854, 0.8475421293105666, -0.006706077455072449
-7.556072826769084, -0.5676792175959062, 4.807049174260489, 0.015651548609398047, 1.0160228655230774, 0.8381372330057261, -0.006706077455072449
-7.456072826769084, -0.568349835394334, 4.918606596740028, 0.015651548609398047, 1.009308270954357, 0.827192342417105, -0.006706077455071894
-7.3560728267690845, -0.5690204531927618, 5.030164019219566, 0.015651548609398047, 1.0030821695256478, 0.8155359536142733, -0.006706077455071894
-7.256072826769085, -0.5696910709911897, 5.141721441699104, 0.015651548609398047, 0.9977008244496494, 0.8036498573392054, -0.006706077455071894
-7.156072826769085, -0.5703616887896175, 5.253278864178642, 0.015651548609398047, 0.994065391956357, 0.7920271569742964, -0.004453419706029361
-7.105488913900602, -0.5703616887896175, 5.253278864178642, 0.009588204107015642, 0.9935699148145102, 0.7863694140430286, 0.0038513879971553396
-7.005488913900602, -0.5697817288474764, 5.3146843843779195, 0.009588204107015642, 0.9910505424714162, 0.7767077947039569, 0.005799534398863955
-6.905488913900602, -0.5692017689053354, 5.376089904577197, 0.009588204107015642, 0.9891075090577602, 0.7683192229623275, 0.005799534398863955
-6.805488913900603, -0.5686218089631943, 5.437495424776475, 0.009588204107015642, 0.9882780588464697, 0.7617089220191952, 0.00579953439886451
-6.705488913900603, -0.5680418490210531, 5.498900944975752, 0.009588204107015642, 0.9883215265511099, 0.7573821022772004, 0.00579953439886451
-6.605488913900603, -0.567461889078912, 5.560306465175029, 0.009588204107015642, 0.9889972468254443, 0.7558002851003297, 0.005799534398863955
-6.505488913900604, -0.566881929136771, 5.621711985374306, 0.009588204107015642, 0.9900645542148963, 0.7548445713170846, 0.005799534398863955
-6.405488913900604, -0.5663019691946299, 5.683117505573583, 0.009588204107015642, 0.9912827831285832, 0.7556420180403729, 0.00579953439886451
-6.3054889139006045, -0.5657220092524888, 5.74452302577286, 0.009588204107015642, 0.9924112678311573, 0.7577081696545881, 0.00579953439886451
-6.205488913900605, -0.5651420493103477, 5.805928545972138, 0.009588204107015642, 0.9932093424532312, 0.7599151364688714, 0.005799534398863955
-6.105488913900605, -0.5645620893682067, 5.8673340661714155, 0.009588204107015642, 0.9934363410191008, 0.7611349483869402, 0.005799534398863955
-6.005488913900606, -0.5639821294260656, 5.928739586370693, 0.009588204107015642, 0.992851687129871, 0.7571058563398353, 0.004875043637940789
-5.9865247792684935, -0.5639821294260656, 5.928739586370693, 0.0036523230654841097, 0.992651845047737, 0.7558018048708199, 0.009321995501002638
-5.886524779268494, -0.562873114173731, 5.952106099265787, 0.0036523230654841097, 0.9896572703676987, 0.7491805715047051, 0.011089697892127545
-5.786524779268494, -0.5617640989213962, 5.975472612160882, 0.0036523230654841097, 0.985847837468487, 0.7407204846962823, 0.011089697892127545
-5.6865247792684945, -0.5606550836690616, 5.9988391250559765, 0.0036523230654841097, 0.9813206484272383, 0.7316756651529722, 0.01108969789212699
-5.586524779268495, -0.5595460684167269, 6.022205637951071, 0.0036523230654841097, 0.9761727879638653, 0.7233002259820354, 0.011089697892127545
-5.486524779268495, -0.5584370531643922, 6.045572150846166, 0.0036523230654841097, 0.9705013187855146, 0.716848272275543, 0.011089697892127545
-5.386524779268496, -0.5573280379120575, 6.06893866374126, 0.0036523230654841097, 0.964403280276726, 0.7135171763218612, 0.01108969789212699
-5.286524779268496, -0.5562190226597229, 6.092305176636355, 0.0036523230654841097, 0.957975690720355, 0.7133264440837657, 0.011089697892127545
-5.186524779268496, -0.5551100074073881, 6.11567168953145, 0.0036523230654841097, 0.9513155532941591, 0.7151841832518945, 0.011089697892127545
-5.086524779268497, -0.5540009921550535, 6.139038202426544, 0.0036523230654841097, 0.9445198661237417, 0.7176194666526844, 0.01108969789212699
-4.986524779268497, -0.5528919769027189, 6.162404715321639, 0.0036523230654841097, 0.9376856366803904, 0.7203756632189966, 0.011089697892127545
-4.886524779268497, -0.5517829616503841, 6.185771228216733, 0.0036523230654841097, 0.9309098862936638, 0.7216950382391429, 0.011089697892127545
-4.786524779268498, -0.5506739463980495, 6.209137741111828, 0.0036523230654841097, 0.9242733730597107, 0.7204326547479155, 0.009744399086984754
-4.772717848676338, -0.5506739463980495, 6.209137741111828, -0.001462494739732435, 0.9236544073613419, 0.7197882561230247, 0.007358688212869288
-4.6727178486763385, -0.5498364615626207, 6.1973103080318985, -0.001462494739732435, 0.9174673441195962, 0.715519527178372, 0.008374652563918178
-4.572717848676339, -0.548998976727192, 6.185482874951968, -0.001462494739732435, 0.911477796821629, 0.7090015025923442, 0.008374652563918178
-4.472717848676339, -0.5481614918917632, 6.173655441872039, -0.001462494739732435, 0.9057094723614849, 0.7007506668305151, 0.008374652563918733
-4.37271784867634, -0.5473240070563344, 6.161828008792109, -0.001462494739732435, 0.9001859799104579, 0.6912056185801986, 0.008374652563918178
-4.27271784867634, -0.5464865222209058, 6.150000575712179, -0.001462494739732435, 0.8949308527944666, 0.6809515142895457, 0.008374652563918178
-4.17271784867634, -0.545649037385477, 6.138173142632249, -0.001462494739732435, 0.8899675993606303, 0.6707645764863486, 0.008374652563918733
-4.072717848676341, -0.5448115525500482, 6.12634570955232, -0.001462494739732435, 0.8853197838256667, 0.6607072143918106, 0.008374652563918178
-3.972717848676341, -0.5439740677146195, 6.114518276472389, -0.001462494739732435, 0.8810111377924689, 0.6513885606050338, 0.008374652563918178
-3.8727178486763414, -0.5431365828791908, 6.10269084339246, -0.001462494739732435, 0.8770657027219845, 0.643251238501855, 0.008374652563918733
-3.7727178486763417, -0.542299098043762, 6.09086341031253, -0.001462494739732435, 0.8735080031524916, 0.6367378702568376, 0.008374652563918178
-3.672717848676342, -0.5414616132083333, 6.0790359772326, -0.001462494739732435, 0.8703632435325168, 0.6322910770455459, 0.008374652563918178
-3.5727178486763425, -0.5406241283729045, 6.06720854415267, -0.001462494739732435, 0.867647980368399, 0.6303283910220197, 0.006574032645036934
-3.545326821610757, -0.5406241283729045, 6.06720854415267, -0.003034254228102984, 0.8669406231619029, 0.6299426154627712, 0.0010404443145318066
-3.445326821610757, -0.5404915850552446, 6.017680745620745, -0.003034254228102984, 0.8652796783267916, 0.62954479961784, 0.0013254324004373095
-3.345326821610757, -0.5403590417375849, 5.968152947088819, -0.003034254228102984, 0.8640145609838493, 0.6305327666342858, 0.0013254324004373095
-3.2453268216107567, -0.540226498419925, 5.9186251485568935, -0.003034254228102984, 0.8631305982020024, 0.63199477020942, 0.0013254324004373095
-3.1453268216107566, -0.5400939551022652, 5.869097350024968, -0.003034254228102984, 0.862611338059727, 0.6330190542107411, 0.0013254324004373095
-3.0453268216107565, -0.5399614117846053, 5.819569551493043, -0.003034254228102984, 0.8624389598055577, 0.6326938521382804, 0.0013254324004373095
-2.9453268216107564, -0.5398288684669456, 5.7700417529611165, -0.003034254228102984, 0.8625950893977277, 0.6301324571700065, 0.0013254324004373095
-2.8453268216107563, -0.5396963251492857, 5.720513954429191, -0.003034254228102984, 0.8630620145153574, 0.624996564604634, 0.0013254324004373095
-2.7453268216107563, -0.5395637818316259, 5.670986155897266, -0.003034254228102984, 0.8638242897777839, 0.6162644396458546, 0.0013254324004373095
-2.645326821610756, -0.539431238513966, 5.6214583573653405, -0.003034254228102984, 0.8648707203003716, 0.6063405574151335, 0.0013254324004373095
-2.545326821610756, -0.5392986951963062, 5.571930558833414, -0.003034254228102984, 0.8661967094978704, 0.5956643782089259, 0.0013254324004373095
-2.445326821610756, -0.5391661518786464, 5.522402760301489, -0.003034254228102984, 0.8678069103237508, 0.5846763445721272, 0.000820733551860781
-2.3838331339226784, -0.5391661518786464, 5.522402760301489, 0.0009192548058029076, 0.8695479342413491, 0.5780994714423473, 0.0020315088937779917
-2.2838331339226783, -0.5388380755644921, 5.426963438485743, 0.0009192548058029076, 0.8716795184967784, 0.5673947381194744, 0.003280751370888718
-2.183833133922678, -0.5385099992503379, 5.331524116669997, 0.0009192548058029076, 0.8728291556319648, 0.5573707304244597, 0.003280751370888718
-2.083833133922678, -0.5381819229361837, 5.236084794854251, 0.0009192548058029076, 0.8731372244777816, 0.5485480957657081, 0.003280751370888718
-1.983833133922678, -0.5378538466220295, 5.140645473038505, 0.0009192548058029076, 0.872483173168842, 0.5414474767176238, 0.003280751370888718
-1.883833133922678, -0.5375257703078753, 5.045206151222759, 0.0009192548058029076, 0.8705238528856384, 0.5365895132421993, 0.003280751370888718
-1.7838331339226778, -0.5371976939937211, 4.949766829407013, 0.0009192548058029076, 0.8669086664168756, 0.5344712600131224, 0.003280751370888718
-1.6838331339226777, -0.5368696176795669, 4.854327507591267, 0.0009192548058029076, 0.8600043127555896, 0.5348537026088521, 0.003280751370888718
-1.5838331339226777, -0.5365415413654127, 4.758888185775521, 0.0009192548058029076, 0.8506162576392794, 0.5366348092160931, 0.003280751370888718
-1.4838331339226776, -0.5362134650512584, 4.6634488639597755, 0.0009192548058029076, 0.8391761449644791, 0.5386633696326375, 0.003280751370888718
-1.3838331339226775, -0.5358853887371042, 4.568009542144029, 0.0009192548058029076, 0.8258072671457597, 0.5397881696071766, 0.003003138358937524
-1.374588973763361, -0.5358853887371042, 4.568009542144029, 0.011433844815525498, 0.8242217958436773, 0.5393584184680413, 0.014715989907512207
-1.2745889737633609, -0.534277636718618, 4.387776908989442, 0.011433844815525498, 0.8079398073985121, 0.5397071621525847, 0.016076135124860544
-1.1745889737633608, -0.532669884700132, 4.207544275834854, 0.011433844815525498, 0.7916708982622019, 0.5368842311905881, 0.016076135124860544
-1.0745889737633607, -0.5310621326816458, 4.027311642680266, 0.011433844815525498, 0.7720027989744908, 0.5308581569891283, 0.016076135124860544
-0.9745889737633606, -0.5294543806631598, 3.847079009525679, 0.011433844815525498, 0.7526656630679934, 0.522869672899027, 0.016076135124860544
-0.8745889737633605, -0.5278466286446736, 3.6668463763710912, 0.011433844815525498, 0.7354814404071578, 0.5142320029576171, 0.016076135124860544
-0.7745889737633604, -0.5262388766261875, 3.4866137432165036, 0.011433844815525498, 0.7200702261839333, 0.50625836679247, 0.016076135124860544
-0.6745889737633604, -0.5246311246077013, 3.306381110061916, 0.011433844815525498, 0.701919032932857, 0.5002619788592204, 0.0088283914581682
-0.5924821589235476, -0.5246311246077013, 3.306381110061916, 0.03761574093697497, 0.6919915992263143, 0.4968950021288795, 0.025570830404531713
-0.49248215892354763, -0.5199734869265717, 3.145104888049533, 0.03761574093697497, 0.678320136904909, 0.500596535050007, 0.0465427402901021
-0.3924821615219116, -0.51531583070755, 2.9838287830352783, 0.03761574093697497, 0.6642774010499578, 0.5064316378259087, 0.0465427402901021
-0.2924821589235477, -0.5106582115643126, 2.8225524440247662, 0.03761574093697497, 0.6567384225644266, 0.5130471452865846, 0.0465427402901021
-0.1924821589235477, -0.506000573883183, 2.661276222012383, 0.03761574093697497, 0.656744873246911, 0.5190897803433635, 0.0465427402901021
-0.09248215892354772, -0.5013429362020534, 2.5, 0.03761574093697497, 0.6596875874607453, 0.5232061623536973, 0.033392237473740684
-0.05305135848822276, -0.5013429362020534, 2.5, 0.11504011982107912, 0.6666023132590236, 0.521961099657697, 0.07810783821633874
0.046948641511777245, -0.49043009629151124, 2.5, 0.11504011982107912, 0.6781579147327326, 0.5291004417574144, 0.10869826479043737
0.14694864151177725, -0.4795172563809691, 2.5, 0.11504011982107912, 0.6995823969446281, 0.532135890785206, 0.10869826479043736
0.24694864151177728, -0.46860441647042694, 2.5, 0.11504011982107912, 0.7342826996904939, 0.5327200035680206, 0.08821533113981621
0.27033442227913373, -0.46860441647042694, 2.5, 0.3669813211466767, 0.7454433706958379, 0.5290302020047367, 0.2726448124577121
0.3703344222791337, -0.43410481193025996, 2.5, 0.3669813211466767, 0.7681219881136204, 0.5534850706765659, 0.19527070713467928
0.44475889205932617, -0.4341048002243042, 2.441314458847046, 1.1087598284302274, 0.8133990314120784, 0.5488327915096559, 0.20516105742740748
0.544758885933612, -0.3978090271231619, 2.5, 1.1087598284302274, 0.855034505440203, 0.5771507572570246, 0.3301651530570498
0.5506672270269414, -0.3978090271231619, 2.5, 1.92689821014604, 0.8593165575602234, 0.5772124048868221, 0.49034653505460424
0.6374730508924007, -0.3483151134582122, 2.5, 1.779360760227093, 0.8934841158375527, 0.6217631248927012, 0.6030227031851638
0.7144083375340312, -0.2850596040678753, 2.5, 1.4891589232523528, 0.9202752337729587, 0.6840032977977143, 0.7633939579427027
0.7808562405030024, -0.2111071068538692, 2.5, 1.2481843215313826, 0.9388963235372995, 0.7584372047091755, 0.8995871940604138
0.8376474869699587, -0.1298903702017592, 2.5, 1.0446891780623149, 0.9557343204834413, 0.8393364833345064, 1.011368376347493
0.8858349108449735, -0.04345050522170596, 2.5, 0.9043426139164316, 0.972596506226303, 0.9268214784116784, 1.1064394540301337
0.926218932185156, 0.04693886252506452, 2.5, 0.8077199402960134, 0.9906169443270904, 1.0179952381279014, 1.1903371667236058
0.959370073216003, 0.1404125764953722, 2.5, 0.7803805326395767, 1.01050411566888, 1.1114903354020502, 1.2661197322640594
1.0898382663726807, 0.21244072914123535, 2.5, 0.7937838486773247, 1.0307468595235214, 1.208949295324543, 1.3366260078812722
1.006312852249473, 0.3371991662019562, 2.5, 0.7937838486773247, 1.0512711777178492, 1.3097297367441336, 1.3819021034017867
1.006312852249473, 0.3431928859166561, 2.5, 0.741927175880908, 1.0515901762282902, 1.3157162015034196, 1.45180278468815
1.0189852885669985, 0.44319288591665607, 2.5, 0.741927175880908, 1.074432052954775, 1.415857657825869, 1.4660753511313167
1.0189852885669985, 0.463761647968429, 2.5, 0.6541164634970981, 1.0776670990638733, 1.4364237884680302, 1.546124484420635
1.0219605457635914, 0.563761647968429, 2.5, 0.6541164634970981, 1.1016366444457322, 1.4651537463979614, 1.5491231857802226
1.0219605457635914, 0.6010186947921139, 2.5, 0.632310967724041, 1.1116743839147567, 1.4293910953340891, 1.645296660229395
1.011715889354322, 0.7010186947921139, 2.5, 0.632310967724041, 1.1297957030305041, 1.336778454220381, 1.640253200586747
1.011715889354322, 0.7482780841631174, 2.5, 0.6888949537721746, 1.1454317427395717, 1.2918770273765203, 1.7470743719010366
0.9854850287413033, 0.8482780841631173, 2.5, 0.6888949537721746, 1.1603435774904034, 1.2045285028539514, 1.7493866931622126
1.0095534324645996, 0.9003450870513916, 2.5, 0.7676203549292214, 1.1805779263490177, 1.1611378130167536, 1.8443995994901592
0.9447043731429055, 0.9935904702921045, 2.5, 0.7676203549292214, 1.1896194666897881, 1.0793439590164786, 1.8655157913144635
0.9447043731429055, 1.0279318903847379, 2.5, 0.9201475847564371, 1.2065048481492893, 1.0462725521376273, 1.932347237381815
0.8938998698038718, 1.127931890384738, 2.5, 0.9201475847564371, 1.2179873878279048, 0.9670024442804614, 1.9842335882825155
0.8938998698038718, 1.143732516232027, 2.5, 1.1624387802370486, 1.226610401666996, 0.9522090820087844, 2.065967169429843
0.831915507971444, 1.242707428959167, 2.5, 1.2595933497070648, 1.2310873407122387, 0.877984264815778, 2.2662177980617955
0.6766954880540741, 1.4040159920476234, 2.5, 1.183151968506049, 1.2115713971371256, 0.7816115174897277, 2.3990649032387146
0.5836160478736838, 1.4705806542170026, 2.5, 1.037469913946635, 1.186176017792056, 0.7550673684451876, 2.5277514268921424
0.5822308848230855, 1.4705806542170026, 2.5, 0.8226040999454409, 1.1851478623631309, 0.7555695254081894, 2.6196923399585055
0.4822308848230855, 1.5288860316432047, 2.5, 0.8226040999454409, 1.155313241224823, 0.7407723667518434, 2.6460312524465164
0.4743684448697554, 1.5288860316432047, 2.5, 0.4714438410066699, 1.1495704297430769, 0.743805977504224, 2.6842182513882604
0.3743684448697554, 1.5819740810115448, 2.5, 0.4714438410066699, 1.1152049199393317, 0.7350024592054828, 2.7453562411477876
0.3474740135595439, 1.5819740810115448, 2.5, 0.2609000007036117, 1.0970806201572787, 0.7463319801114954, 2.72421176229504
0.2474740135595439, 1.6382434851554928, 2.5, 0.2609000007036117, 1.0701583236309307, 0.735633343426095, 2.6290558031016795
