1.340842839980455, 1.4353178086400953, 2.625330598971136, 0.059525644764570555, 1.3284403319923541, 1.5159030132932654, 2.4689932598956177
1.240842839980455, 1.5149671948304695, 2.843733272229156, 0.059525644764570555, 1.2656845594697723, 1.4562622330187083, 2.4689932598956186
1.1408428399804549, 1.5946165810208435, 3.0621359454871753, 0.059525644764570555, 1.213197898917334, 1.3993609006452559, 2.73783900855206
1.0544085129707614, 1.5946165810208435, 3.0621359454871753, 0.11243170992441717, 1.139121797242578, 1.4226025199034338, 2.6967631097886273
0.9544085129707615, 1.6834886976610588, 3.284521304920969, 0.11243170992441717, 1.1091396244481988, 1.3653863256242098, 2.4150440139626994
0.8544085129707615, 1.772360814301274, 3.5069066643547626, 0.11243170992441717, 1.0947965337546723, 1.314641661122762, 2.5683931139469705
0.8167272828891804, 1.772360814301274, 3.5069066643547626, 0.13754764117229978, 1.0688142097319253, 1.3279159412679202, 2.7306272913729455
0.7167272828891804, 1.8323594595131778, 3.659975100950261, 0.13754764117229978, 1.0484833542805405, 1.3110519344722564, 2.6011831150559264
0.6167272828891804, 1.892358104725082, 3.8130435375457585, 0.13754764117229978, 1.037894883704912, 1.2980358038135884, 2.6011831150559264
0.5167272828891805, 1.9523567499369858, 3.9661119741412567, 0.13754764117229978, 1.040352781460606, 1.2878939200710153, 2.8329061528898745
0.42857287992059523, 1.9523567499369858, 3.9661119741412567, 0.10997989836523249, 0.9994572777109417, 1.3301837970654296, 2.818580941527593
0.3285728799205952, 2.015338653470781, 4.1247573971434415, 0.10997989836523249, 1.0190800620752973, 1.324095836326818, 2.5795354675905715
0.2285728799205952, 2.0783205570045764, 4.283402820145627, 0.10997989836523249, 1.0426184679036918, 1.321013925170251, 2.5795354675905715
0.12857287992059518, 2.1413024605383715, 4.442048243147811, 0.10997989836523249, 1.0720979110681605, 1.3210215199066464, 2.7140744037222726
0.09033968451912744, 2.1413024605383715, 4.442048243147811, 0.0893321883642111, 1.0614293460765822, 1.3423063633808194, 2.810903739200438
-0.009660315480872539, 2.1887571962444423, 4.564249797281333, 0.0893321883642111, 1.080266333360097, 1.3474734720150228, 2.698513697965624
-0.10966031548087257, 2.236211931950513, 4.686451351414855, 0.0893321883642111, 1.102335311145712, 1.301195067568936, 2.698513697965624
-0.20966031548087258, 2.283666667656584, 4.808652905548378, 0.0893321883642111, 1.1247589065188472, 1.2543977875541343, 2.698513697965624
-0.3096603154808726, 2.331121403362655, 4.9308544596819, 0.0893321883642111, 1.147066082706397, 1.2090887529271483, 2.8951945903167657
-0.39834064871144514, 2.331121403362655, 4.9308544596819, 0.07160175168236274, 1.1278903722734022, 1.2134212544056222, 2.8948725978228604
-0.4983406487114451, 2.378640741023159, 5.055040872062115, 0.07160175168236274, 1.1532852335332913, 1.1712222210618308, 2.6979865510409318
-0.5983406487114451, 2.4261600786836635, 5.17922728444233, 0.07160175168236274, 1.176109533291178, 1.1311433823034194, 2.6979865510409318
-0.6983406487114451, 2.4736794163441678, 5.3034136968225445, 0.07160175168236274, 1.1993559888845067, 1.0942181902204733, 2.6979865510409318
-0.7983406487114451, 2.521198754004672, 5.42760010920276, 0.07160175168236274, 1.2220401074484815, 1.060812082635151, 2.807068575759253
-0.835052479050701, 2.521198754004672, 5.42760010920276, 0.048770101036311145, 1.213838958594601, 1.0654026163834043, 2.8669558526090877
-0.9350524790507011, 2.559718206718059, 5.527832092990671, 0.048770101036311145, 1.2255965768689163, 1.044976869935726, 2.7739144069412984
-1.0350524790507012, 2.598237659431446, 5.628064076778583, 0.048770101036311145, 1.2348287087754208, 1.0268684161593244, 2.7739144069412984
-1.1350524790507013, 2.6367571121448328, 5.728296060566495, 0.048770101036311145, 1.240981389585759, 1.0111239372621195, 2.7739144069412984
-1.2350524790507014, 2.67527656485822, 5.828528044354407, 0.048770101036311145, 1.2449137603188654, 0.9994521848720366, 2.7739144069412984
-1.3350524790507015, 2.7137960175716067, 5.928760028142318, 0.048770101036311145, 1.2452787046962057, 0.9918224404972669, 2.938185114795602
-1.421804352401772, 2.7137960175716067, 5.928760028142318, 0.03252310576314272, 1.2122213187491582, 1.0182524076386732, 2.9323389897934447
-1.5218043524017721, 2.7534550798375337, 6.0293175928491225, 0.03252310576314272, 1.2089498876340383, 1.0141258200208492, 2.7640288458154822
-1.6218043524017722, 2.79311414210346, 6.129875157555927, 0.03252310576314272, 1.2022621024850393, 1.0140262929986639, 2.7640288458154822
-1.7218043524017723, 2.832773204369387, 6.230432722262732, 0.03252310576314272, 1.1947040286280917, 1.0177846831608195, 2.7640288458154822
-1.8218043524017724, 2.8724322666353137, 6.330990286969536, 0.03252310576314272, 1.1867153095625702, 1.02290048119834, 2.7640288458154822
-1.9218043524017725, 2.9120913289012407, 6.43154785167634, 0.03252310576314272, 1.1775997564794927, 1.0305579110512544, 2.860662989799313
-1.9592416510159305, 2.9120913289012407, 6.43154785167634, 0.02196735327417624, 1.1603598945831204, 1.0485099367471309, 2.898136281877747
-2.0592416510159306, 2.946228442104786, 6.5156139241360504, 0.02196735327417624, 1.1464216826370368, 1.0634220036193003, 2.8126256073514577
-2.1592416510159307, 2.9803655553083317, 6.59967999659576, 0.02196735327417624, 1.1327102863151903, 1.0796532475258287, 2.8126256073514577
-2.2592416510159308, 3.014502668511877, 6.68374606905547, 0.02196735327417624, 1.1193853087493582, 1.096346606886412, 2.8126256073514577
-2.359241651015931, 3.0486397817154227, 6.76781214151518, 0.02196735327417624, 1.1066134601524538, 1.1110391479085637, 2.8126256073514577
-2.459241651015931, 3.0827768949189682, 6.8518782139748895, 0.02196735327417624, 1.0945669639950228, 1.1243180287051484, 2.8126256073514577
-2.559241651015931, 3.1169140081225137, 6.9359442864346, 0.02196735327417624, 1.0834222336120658, 1.1373204886293753, 2.9613421953693497
-2.646573226935076, 3.1169140081225137, 6.9359442864346, 0.013647658646215439, 1.0480617758363981, 1.176637736570521, 2.953502700381911
-2.746573226935076, 3.1525706757292653, 7.020029455445092, 0.013647658646215439, 1.0405661783726163, 1.190703864979583, 2.799079808620586
-2.8465732269350763, 3.188227343336017, 7.104114624455585, 0.013647658646215439, 1.0338342452603324, 1.2055783914771119, 2.799079808620586
-2.9465732269350764, 3.2238840109427684, 7.188199793466078, 0.013647658646215439, 1.0281276840470104, 1.2232956261739762, 2.799079808620586
-3.0465732269350765, 3.25954067854952, 7.27228496247657, 0.013647658646215439, 1.0240723580714377, 1.2427928764000848, 2.799079808620586
-3.1465732269350766, 3.2951973461562716, 7.356370131487063, 0.013647658646215439, 1.0218711446102624, 1.2623365175815808, 2.799079808620586
-3.2465732269350767, 3.330854013763023, 7.440455300497556, 0.013647658646215439, 1.0216682752019262, 1.2779883343048055, 2.883609984395517
-3.2817066899652514, 3.330854013763023, 7.440455300497556, 0.008159435674617776, 1.0105134249751615, 1.292108138533863, 2.908849092055498
-3.3817066899652515, 3.362885942001518, 7.509812836470682, 0.008159435674617776, 1.0087755091127515, 1.29907140456009, 2.831600111090432
-3.4817066899652516, 3.3949178702400125, 7.579170372443809, 0.008159435674617776, 1.0084332386164667, 1.3040510091201725, 2.831600111090432
-3.5817066899652517, 3.4269497984785073, 7.648527908416935, 0.008159435674617776, 1.009110058691298, 1.3106691133783688, 2.83160011109043
-3.6817066899652517, 3.458981726717002, 7.7178854443900615, 0.008159435674617776, 1.0104292637073573, 1.3180215217568603, 2.83160011109043
-3.781706689965252, 3.491013654955497, 7.787242980363188, 0.008159435674617776, 1.0120139772616, 1.3285954617382745, 2.831600111090432
-3.881706689965252, 3.5230455831939915, 7.856600516336314, 0.008159435674617776, 1.0134871660052134, 1.3436390930895348, 2.831600111090432
-3.981706689965252, 3.5550775114324864, 7.925958052309441, 0.008159435674617776, 1.0144716848444706, 1.359878166617077, 2.964151523945511
-4.060329547361052, 3.5550775114324864, 7.925958052309441, 0.005721292367473099, 0.9898300868297651, 1.3971058551201914, 2.956711247739256
-4.1603295473610515, 3.588483039523341, 7.983851825448538, 0.005721292367473099, 0.9898498228776279, 1.4176218144898818, 2.819192487162602
-4.260329547361051, 3.6218885676141963, 8.041745598587635, 0.005721292367473099, 0.9857563774504164, 1.4387125533382563, 2.8191924871626
-4.360329547361051, 3.6552940957050515, 8.099639371726733, 0.005721292367473099, 0.9790897954265799, 1.4619893166254427, 2.819192487162602
-4.4603295473610505, 3.688699623795906, 8.15753314486583, 0.005721292367473099, 0.9689480165426992, 1.486657823357345, 2.819192487162602
-4.56032954736105, 3.7221051518867614, 8.215426918004928, 0.005721292367473099, 0.9550627780411323, 1.5116760356406087, 2.819192487162602
-4.66032954736105, 3.755510679977616, 8.273320691144026, 0.005721292367473099, 0.93969301929608, 1.5345759156360406, 2.819192487162602
-4.760329547361049, 3.7889162080684713, 8.331214464283123, 0.005721292367473099, 0.9232099050656913, 1.529523146697291, 2.85227485540753
-4.772552914516112, 3.7889162080684713, 8.331214464283123, 0.005209514203935834, 0.9178201733264959, 1.532480489677896, 2.880038300896308
-4.8725529145161115, 3.81895689762404, 8.369638641382421, 0.005209514203935834, 0.8976133323367049, 1.5261946974371134, 2.849762602255206
-4.972552914516111, 3.8489975871796087, 8.40806281848172, 0.005209514203935834, 0.8770270523624192, 1.5207410526043168, 2.849762602255206
-5.072552914516111, 3.8790382767351774, 8.446486995581019, 0.005209514203935834, 0.8564351213201385, 1.518253062158674, 2.849762602255206
-5.17255291451611, 3.909078966290746, 8.484911172680317, 0.005209514203935834, 0.8362117740955674, 1.5181008888100256, 2.849762602255206
-5.27255291451611, 3.939119655846315, 8.523335349779616, 0.005209514203935834, 0.8167316846627294, 1.5196134034475068, 2.849762602255206
-5.37255291451611, 3.9691603454018836, 8.561759526878914, 0.005209514203935834, 0.7983699608281793, 1.5234954533755514, 2.849762602255206
-5.472552914516109, 3.9992010349574523, 8.600183703978214, 0.005209514203935834, 0.7815021348130058, 1.528233977927758, 2.849762602255206
-5.572552914516109, 4.029241724513021, 8.638607881077512, 0.005209514203935834, 0.7665041418509294, 1.5323158173455385, 2.9261451031871815
-5.609822698852822, 4.029241724513021, 8.638607881077512, 0.0033684927055195875, 0.7520513515329995, 1.5433457253449938, 2.923635921892878
-5.709822698852822, 4.05964354383808, 8.664488271515507, 0.0033684927055195875, 0.7397671805095223, 1.5427612699267872, 2.846453532324056
-5.809822698852821, 4.0900453631631395, 8.690368661953503, 0.0033684927055195875, 0.7296772368597942, 1.5412289769260377, 2.8464535323240514
-5.909822698852821, 4.120447182488199, 8.7162490523915, 0.0033684927055195875, 0.7216082184115657, 1.5398786830057465, 2.846453532324056
-6.009822698852821, 4.150849001813258, 8.742129442829496, 0.0033684927055195875, 0.7153858437285913, 1.539840556174763, 2.84645353232406
-6.10982269885282, 4.181250821138317, 8.768009833267492, 0.0033684927055195875, 0.7108356975922355, 1.5422290784227197, 2.846453532324056
-6.20982269885282, 4.2116526404633765, 8.793890223705489, 0.0033684927055195875, 0.707783282625215, 1.5471970776458688, 2.8464535323240514
-6.30982269885282, 4.242054459788436, 8.819770614143485, 0.0033684927055195875, 0.7060540783226228, 1.552756113492532, 2.846453532324056
-6.409822698852819, 4.272456279113495, 8.84565100458148, 0.0033684927055195875, 0.705473604609585, 1.5607230078234609, 2.9522512631445808
-6.468465479473079, 4.272456279113495, 8.84565100458148, -0.0017505485869431174, 0.6888666445896746, 1.5835119642341835, 2.946054470178413
-6.568465479473079, 4.303878502942781, 8.858954636040963, -0.0017505485869431174, 0.6905994189502249, 1.5925659268651724, 2.837139541192271
-6.668465479473078, 4.335300726772067, 8.872258267500445, -0.0017505485869431174, 0.6931326530238816, 1.6029837080324774, 2.837139541192271
-6.768465479473078, 4.3667229506013525, 8.885561898959928, -0.0017505485869431174, 0.6962931228135109, 1.614246331066628, 2.837139541192271
-6.868465479473078, 4.398145174430638, 8.89886553041941, -0.0017505485869431174, 0.6999082944365264, 1.6259302471905461, 2.837139541192271
-6.968465479473077, 4.429567398259924, 8.912169161878893, -0.0017505485869431174, 0.7038063853431116, 1.6379897424091208, 2.837139541192271
-7.068465479473077, 4.46098962208921, 8.925472793338376, -0.0017505485869431174, 0.7078215943860128, 1.6504729366982247, 2.837139541192271
-7.168465479473077, 4.492411845918496, 8.938776424797858, -0.0017505485869431174, 0.7118021696797802, 1.6634277743060633, 2.837139541192271
-7.268465479473076, 4.523834069747782, 8.95208005625734, -0.0017505485869431174, 0.7146758365060393, 1.6769020264362284, 2.9459763719777428
-7.327043279186469, 4.523834069747782, 8.95208005625734, -0.003657545086175375, 0.6975676470089103, 1.7024686968325669, 2.941257819319728
-7.427043279186469, 4.556034664034179, 8.953001938807159, -0.003657545086175375, 0.700991091157475, 1.7159295107348624, 2.830071155600238
-7.5270432791864685, 4.588235258320576, 8.953923821356977, -0.003657545086175375, 0.7037847702744789, 1.729913716438272, 2.830071155600242
-7.627043279186468, 4.620435852606972, 8.954845703906795, -0.003657545086175375, 0.7050472955682546, 1.7434788568080193, 2.830071155600238
-7.727043279186468, 4.65263644689337, 8.955767586456613, -0.003657545086175375, 0.7043586849107977, 1.755803134552939, 2.830071155600234
-7.8270432791864675, 4.684837041179767, 8.956689469006431, -0.003657545086175375, 0.7030764487782268, 1.7664536699310718, 2.830071155600238
-7.927043279186467, 4.717037635466164, 8.957611351556249, -0.003657545086175375, 0.7017329636049805, 1.7721873897303457, 2.830071155600242
-8.027043279186467, 4.74923822975256, 8.958533234106067, -0.003657545086175375, 0.7002960587337936, 1.7730466305122594, 2.830071155600238
-8.127043279186466, 4.781438824038958, 8.959455116655885, -0.003657545086175375, 0.698733531753312, 1.7710266257114697, 2.9306556552538154
-8.177427467977441, 4.781438824038958, 8.959455116655885, 0.0008483784054620362, 0.6825784759358483, 1.7846561586447265, 2.9342441481821004
-8.277427467977441, 4.813075454478303, 8.947841150984335, 0.0008483784054620362, 0.680670935554931, 1.780822376886136, 2.8351893454578074
-8.37742746797744, 4.84471208491765, 8.936227185312784, 0.0008483784054620362, 0.6786392458366352, 1.7769071244627601, 2.8351893454578034
-8.47742746797744, 4.876348715356997, 8.924613219641234, 0.0008483784054620362, 0.6765477925026822, 1.77412996290025, 2.8351893454578074
-8.57742746797744, 4.907985345796343, 8.912999253969684, 0.0008483784054620362, 0.6744614935708361, 1.7737105591493199, 2.835189345457812
-8.67742746797744, 4.9396219762356885, 8.901385288298135, 0.0008483784054620362, 0.6724452123820285, 1.7759743890819926, 2.8351893454578074
-8.77742746797744, 4.971258606675035, 8.889771322626585, 0.0008483784054620362, 0.6701510788454058, 1.7794212618377856, 2.8351893454578034
-8.877427467977439, 5.002895237114382, 8.878157356955034, 0.0008483784054620362, 0.6679672788594312, 1.7871454051893567, 2.8351893454578074
-8.977427467977439, 5.034531867553728, 8.866543391283484, 0.0008483784054620362, 0.666107501811443, 1.796111745159163, 2.920956799852589
-9.01848159480663, 5.034531867553728, 8.866543391283484, 0.0025826712162187455, 0.6518913905957937, 1.812571603753841, 2.927484249853373
-9.11848159480663, 5.065202857475386, 8.842450333921494, 0.0025826712162187455, 0.6497871521368709, 1.8242278609686604, 2.8439914130661257
-9.21848159480663, 5.095873847397043, 8.818357276559507, 0.0025826712162187455, 0.6481358185107807, 1.8239502721594671, 2.8439914130661297
-9.318481594806629, 5.126544837318701, 8.794264219197517, 0.0025826712162187455, 0.6470023037899352, 1.8104607760016538, 2.8439914130661257
-9.418481594806629, 5.157215827240359, 8.770171161835528, 0.0025826712162187455, 0.6464513852290718, 1.7981064052126516, 2.8439914130661217
-9.518481594806628, 5.187886817162017, 8.746078104473538, 0.0025826712162187455, 0.6465209156801212, 1.7885005366494042, 2.8439914130661257
-9.618481594806628, 5.218557807083674, 8.721985047111549, 0.0025826712162187455, 0.6471496817840413, 1.7799074546966536, 2.8439914130661297
-9.718481594806628, 5.2492287970053315, 8.69789198974956, 0.0025826712162187455, 0.6482534957820861, 1.7755910405148287, 2.8439914130661257
-9.818481594806627, 5.27989978692699, 8.673798932387571, 0.0025826712162187455, 0.6497480859457325, 1.7726123176299842, 2.892594734298301
-9.839103034954066, 5.27989978692699, 8.673798932387571, -0.0010812900224025975, 0.6446048994393961, 1.7787880391688375, 2.8948788596351456
-9.939103034954066, 5.3102776185444345, 8.637165030338712, -0.0010812900224025975, 0.6462598580888271, 1.7782990521683997, 2.8466731287577027
-10.039103034954065, 5.340655450161879, 8.600531128289855, -0.0010812900224025975, 0.6481351348281273, 1.7798977620626613, 2.8466731287577027
-10.139103034954065, 5.371033281779324, 8.563897226240996, -0.0010812900224025975, 0.6501465704574694, 1.7824467175991832, 2.8466731287577027
-10.239103034954065, 5.401411113396769, 8.527263324192138, -0.0010812900224025975, 0.6522101608916782, 1.7848122407372942, 2.8466731287577027
-10.339103034954064, 5.431788945014214, 8.49062942214328, -0.0010812900224025975, 0.6541812786376038, 1.7862416492570659, 2.8466731287577027
-10.439103034954064, 5.462166776631658, 8.453995520094422, -0.0010812900224025975, 0.6551841712786987, 1.785999499191136, 2.8466731287577027
-10.539103034954064, 5.492544608249103, 8.417361618045565, -0.0010812900224025975, 0.6559064669630654, 1.7845194594333698, 2.8466731287577027
-10.639103034954063, 5.522922439866548, 8.380727715996706, -0.0010812900224025975, 0.6562689982908197, 1.7822980179440018, 2.9780130220299132
-10.723150362508777, 5.522922439866548, 8.380727715996706, 0.0001447801640217387, 0.633168846378375, 1.804580664796666, 2.9624348811846843
-10.823150362508777, 5.556253327323122, 8.324512574588361, 0.0001447801640217387, 0.6355697991754657, 1.7991340172600283, 2.8198641122455013
-10.923150362508776, 5.589584214779697, 8.268297433180017, 0.0001447801640217387, 0.6379002300766347, 1.7947573749761685, 2.8198641122455013
-11.023150362508776, 5.622915102236271, 8.212082291771672, 0.0001447801640217387, 0.6402849665839492, 1.7922724792480154, 2.8198641122454973
-11.123150362508776, 5.656245989692846, 8.155867150363328, 0.0001447801640217387, 0.6428490264232289, 1.7901415266665115, 2.8198641122454973
-11.223150362508775, 5.68957687714942, 8.099652008954983, 0.0001447801640217387, 0.6457175222623595, 1.7908039052593188, 2.8198641122455013
-11.323150362508775, 5.722907764605995, 8.043436867546639, 0.0001447801640217387, 0.649015570422639, 1.7949086627213284, 2.8198641122455013
-11.423150362508775, 5.756238652062569, 7.987221726138295, 0.0001447801640217387, 0.6528682038424574, 1.7995835492420882, 2.9032463003714755
-11.460334418408033, 5.756238652062569, 7.987221726138295, 0.0049650487627828635, 0.6425946546258348, 1.8142296934338025, 2.9233568574872084
-11.560334418408033, 5.786661648190766, 7.916656075893646, 0.0049650487627828635, 0.6445962012344177, 1.8239849912944976, 2.8462596927932786
-11.660334418408032, 5.817084644318962, 7.846090425648997, 0.0049650487627828635, 0.647386478514037, 1.8347936491596322, 2.8462596927932786
-11.760334418408032, 5.847507640447159, 7.775524775404348, 0.0049650487627828635, 0.651089389832248, 1.8431701760094672, 2.8462596927932826
-11.860334418408032, 5.877930636575354, 7.704959125159698, 0.0049650487627828635, 0.6558284241211545, 1.844393789209661, 2.8462596927932826
-11.960334418408031, 5.908353632703551, 7.634393474915049, 0.0049650487627828635, 0.6617127878112709, 1.844650552148226, 2.8462596927932786
-12.060334418408031, 5.938776628831747, 7.5638278246704, 0.0049650487627828635, 0.6688004166696228, 1.84633251092475, 2.8462596927932786
-12.16033441840803, 5.969199624959944, 7.493262174425751, 0.0049650487627828635, 0.6771379949833225, 1.8517581982211422, 2.985518834420902
-12.253676064304889, 5.969199624959944, 7.493262174425751, 0.003514279430425545, 0.6584247028396428, 1.883414392038655, 2.9714626903961165
-12.353676064304889, 6.002413905765337, 7.394373878037014, 0.003514279430425545, 0.672058122653573, 1.8913943229368957, 2.8209139543554818
-12.453676064304888, 6.03562818657073, 7.2954855816482755, 0.003514279430425545, 0.687094862911467, 1.9007620586280887, 2.8209139543554818
-12.553676064304888, 6.068842467376124, 7.1965972852595375, 0.003514279430425545, 0.7035830484478605, 1.9148089611679635, 2.8209139543554858
-12.653676064304888, 6.102056748181516, 7.0977089888708, 0.003514279430425545, 0.7215713908450666, 1.9296853260995321, 2.8209139543554858
-12.753676064304887, 6.135271028986909, 6.998820692482063, 0.003514279430425545, 0.741109153019214, 1.9473746316483789, 2.8209139543554818
-12.853676064304887, 6.1684853097923025, 6.899932396093325, 0.003514279430425545, 0.7622206328535571, 1.965420936211677, 2.900894357382546
-12.888992182395079, 6.1684853097923025, 6.899932396093325, -0.0022930318344223525, 0.7566516967155208, 1.9785939177701914, 2.9194421092902605
-12.988992182395078, 6.199050324441127, 6.7878869953402265, -0.0022930318344223525, 0.7770010913676205, 1.9741412286245208, 2.844960333152476
-13.088992182395078, 6.229615339089951, 6.675841594587128, -0.0022930318344223525, 0.7990443103933225, 1.9690359330020089, 2.844960333152476
-13.188992182395078, 6.260180353738775, 6.56379619383403, -0.0022930318344223525, 0.8228315069375873, 1.964579751468004, 2.844960333152472
-13.288992182395077, 6.2907453683876, 6.451750793080931, -0.0022930318344223525, 0.847155096419033, 1.960942886292844, 2.844960333152476
-13.388992182395077, 6.3213103830364235, 6.339705392327833, -0.0022930318344223525, 0.8729597638096852, 1.957881064527499, 2.844960333152476
-13.488992182395076, 6.351875397685248, 6.227659991574734, -0.0022930318344223525, 0.9005759800693733, 1.9551489937478024, 2.955013518579625
-13.550904792091467, 6.351875397685248, 6.227659991574734, -0.007453740883918455, 0.9002894182985722, 1.9722251505097301, 2.939080354942157
-13.650904792091467, 6.385120412895233, 6.087567503506927, -0.007453740883918455, 0.934276960011148, 1.9669468051155428, 2.820637172794019
-13.750904792091466, 6.4183654281052185, 5.947475015439119, -0.007453740883918455, 0.9687230493883744, 1.9611345305544579, 2.820637172794019
-13.850904792091466, 6.451610443315204, 5.8073825273713116, -0.007453740883918455, 1.004603193180514, 1.9551357605379183, 2.820637172794019
-13.950904792091466, 6.484855458525189, 5.667290039303504, -0.007453740883918455, 1.0424332734626605, 1.9491009670158228, 2.820637172794019
-14.050904792091465, 6.518100473735174, 5.527197551235696, -0.007453740883918455, 1.0822491659542783, 1.9431807907691916, 2.9706704957144523
-14.143510824645352, 6.518100473735174, 5.527197551235696, -0.005646945515739627, 1.0904983834832191, 1.9678196487102912, 2.951207330443605
-14.243510824645352, 6.555219400903054, 5.349879586901762, -0.005646945515739627, 1.1368153472756175, 1.958782131152481, 2.786167074229814
-14.343510824645351, 6.592338328070933, 5.172561622567829, -0.005646945515739627, 1.184212433702273, 1.9500659935841211, 2.786167074229818
-14.443510824645351, 6.629457255238812, 4.995243658233896, -0.005646945515739627, 1.2337131105174068, 1.9413272203983054, 2.786167074229814
-14.54351082464535, 6.666576182406692, 4.817925693899962, -0.005646945515739627, 1.2853534070650026, 1.9322090016187763, 2.855530220712885
-14.56971005297817, 6.666576182406692, 4.817925693899962, 0.023149652797905932, 1.2887564833026801, 1.9392212974959129, 2.8985038596470822
-14.66971005297817, 6.697872702573401, 4.640462907344344, 0.023149652797905932, 1.3366982332461839, 1.9347944016212126, 2.8382840277449515
-14.76971005297817, 6.7291692227401105, 4.463000120788726, 0.023149652797905932, 1.384429390301885, 1.9278076911517714, 2.8382840277449475
-14.869710052978169, 6.7604657429068205, 4.2855373342331085, 0.023149652797905932, 1.4343230755604162, 1.9180511322004092, 2.8382840277449515
-14.969710052978169, 6.7917622630735295, 4.10807454767749, 0.023149652797905932, 1.4871912236718514, 1.9030441056361052, 2.956134565000968
-15.036523393116981, 6.7917622630735295, 4.10807454767749, 0.09223367627123961, 1.5012240045831706, 1.9091083315368174, 2.9647643771794105
-15.136523393116981, 6.821570916104178, 3.8794849365379394, 0.09223367627123961, 1.5555865332678696, 1.8806781103800696, 2.851892259085596
-15.23652339311698, 6.851379569134827, 3.6508953253983885, 0.09223367627123961, 1.6096117198194555, 1.8443245775894368, 2.851892259085596
-15.33652339311698, 6.881188222165475, 3.4223057142588376, 0.09223367627123961, 1.6671539813607763, 1.802301276323472, 2.8764808190652107
-15.346314790481296, 6.881188222165475, 3.4223057142588376, 0.17375449593675468, 1.6698313885656546, 1.8007825192854472, 2.9785026776169152
-15.446314790481296, 6.899254561490268, 3.221313840479928, 0.17375449593675468, 1.7172302479827921, 1.7667026510990353, 2.962857215905596
-15.546314790481295, 6.91732090081506, 3.0203219667010193, 0.17375449593675468, 1.7671466341398872, 1.7295679776669923, 2.962857215905596
-15.646314790481295, 6.935387240139852, 2.81933009292211, 0.17375449593675468, 1.818437747392682, 1.6910486704070287, 3.025425214961742
-15.701134408384519, 6.935387240139852, 2.81933009292211, 0.2731035804684592, 1.83920608095547, 1.6796363665114284, 3.0547769273261594
-15.801134408384518, 6.948861887402163, 2.546049015186437, 0.2731035804684592, 1.8886390025035165, 1.6438157335954242, 3.007652923544415
-15.901134408384518, 6.962336534664475, 2.2727679374507646, 0.2731035804684592, 1.9415001967404204, 1.6070416008230077, 3.0213528918559454
-15.912658644396792, 6.962336534664475, 2.2727679374507646, 0.5037416493618003, 1.946434111368861, 1.6041841666030585, -3.1267230624311515
-16.012658644396794, 6.9606780926390925, 2.0314056363210016, 0.5037416493618003, 1.9867425177922973, 1.5810662150708652, -3.125009753561307
-16.112658644396795, 6.95901965061371, 1.7900433351912388, 0.5037416493618003, 2.0299034881798383, 1.5569534237545872, -3.131733645859078
-16.180869111087826, 6.95901965061371, 1.7900433351912388, 0.9184401308653352, 2.062501602301377, 1.5384984085165567, -2.9371431121567144
-16.283031463623047, 6.931751251220703, 1.4035840034484863, 0.9184401308653352, 2.0788895193307813, 1.5442937116761646, -2.864769420200117
-16.303627514253524, 6.924141777669703, 1.4035839501342025, 1.5345601318156457, 2.090215634027026, 1.525571202310555, -2.698195652513478
-16.403627514253525, 6.865839259676186, 1.1472817964525632, 1.5345601318156457, 2.092525494920529, 1.4497158667148986, -2.515476495857292
-16.487987455385852, 6.7908158075680145, 1.1472817964525632, 2.344341162381861, 2.0737197609707745, 1.387223780159377, -2.274309268889135
-16.543866230488117, 6.700524126409443, 1.038280415251016, 2.7506005421336597, 2.0317183329732327, 1.3524841397523226, -2.089578779156758
-16.543866230488117, 6.692945344579953, 1.0672937217239977, 2.1873995959340164, 2.025616573373678, 1.3538587030426592, -1.8977213515808082
-16.580345413332726, 6.592945344579953, 1.2318505719492727, 2.1873995959340164, 1.9649228868473216, 1.3366704139804935, -1.8401080116407291
-16.580345413332726, 6.560782647719095, 1.2318505719492727, 1.248154556434236, 1.939023139050309, 1.3425960771861873, -1.7459997991632124
-16.603740650117267, 6.460782647719095, 1.5076134112428172, 1.248154556434236, 1.874393365030874, 1.3349169364949132, -1.7115335005854182
-16.603740650117267, 6.395648099165856, 1.5076134112428172, 0.6023026851272919, 1.824266592312948, 1.3447654995644995, -1.6628227702118152
-16.618980440864934, 6.295648099165857, 1.8930263439145765, 0.6023026851272919, 1.7563536465986687, 1.3428483309287254, -1.706074562121095
-16.618980440864934, 6.283680986705316, 1.8930263439145765, 0.3216287056680524, 1.7471361622714148, 1.3442608477396194, -1.6060421432034213
-16.62292844811705, 6.183680986705316, 2.115588199858184, 0.3216287056680524, 1.6741169257960993, 1.3526966284868298, -1.6102559062623878
-16.62687645536917, 6.083680986705317, 2.3381500558017914, 0.3216287056680524, 1.604020375955371, 1.3600508733706067, -1.595572294373209
-16.62687645536917, 6.024365336150737, 2.3381500558017914, 0.1844403384813873, 1.5611431101889932, 1.3655526403554772, -1.5564152052643887
-16.624585159675284, 5.924365336150737, 2.5776633806157156, 0.1844403384813873, 1.4870716488562215, 1.3759173359295958, -1.5478873783883176
-16.622293863981394, 5.824365336150738, 2.81717670542964, 0.1844403384813873, 1.4161945019118192, 1.3821452161474066, -1.549840158162316
-16.622293863981394, 5.815043813293624, 2.81717670542964, 0.10459095589955336, 1.4099261567998391, 1.3823523659664667, -1.5345168863782626
-16.6183259993223, 5.715043813293624, 2.981070457741672, 0.10459095589955336, 1.3399028901751509, 1.3857106774603896, -1.5311384838431228
-16.614358134663203, 5.6150438132936245, 3.1449642100537036, 0.10459095589955336, 1.270108856923568, 1.3830447045566578, -1.5311384838431228
-16.610390270004107, 5.515043813293625, 3.3088579623657357, 0.10459095589955336, 1.2045931884547445, 1.3722772680146873, -1.5458219060197822
-16.610390270004107, 5.456199701842209, 3.3088579623657357, 0.0674843532279484, 1.1681311443764761, 1.3594657104196108, -1.519736028894679
-16.60227258644344, 5.356199701842209, 3.4750773932536148, 0.0674843532279484, 1.1004178122564472, 1.3426525810816758, -1.4897970992404979
-16.59415490288277, 5.25619970184221, 3.6412968241414942, 0.0674843532279484, 1.0379981436269579, 1.324166864980141, -1.4897970992404979
-16.586037219322105, 5.15619970184221, 3.8075162550293733, 0.0674843532279484, 0.974369276379501, 1.3059982517676503, -1.4965734820504781
-16.586037219322105, 5.147031544047427, 3.8075162550293733, 0.046576499787363425, 0.9693970829898607, 1.303979463543863, -1.4948830951710994
-16.57773395547414, 5.047031544047427, 3.9321089774967497, 0.046576499787363425, 0.9119977329623992, 1.2867394900939133, -1.487953723425079
-16.56943069162618, 4.9470315440474275, 4.056701699964126, 0.046576499787363425, 0.8542956902481044, 1.2721331302311223, -1.487953723425079
-16.561127427778217, 4.847031544047428, 4.1812944224315025, 0.046576499787363425, 0.8030991160022442, 1.2615247421446711, -1.4879537234250613
-16.552824163930254, 4.747031544047428, 4.305887144898879, 0.046576499787363425, 0.7519259177099568, 1.251792927420365, -1.5162587718944254
-16.552824163930254, 4.694933967002465, 4.305887144898879, 0.034491225065831084, 0.7323104608979137, 1.2448816942079572, -1.4966021863368546
-16.54151866258865, 4.594933967002465, 4.418082602044059, 0.034491225065831084, 0.6860492107442571, 1.2422694582873133, -1.4582193213965557
-16.530213161247044, 4.494933967002465, 4.530278059189238, 0.034491225065831084, 0.6454537916965182, 1.2428446210005457, -1.4582193213965382
-16.518907659905437, 4.394933967002466, 4.642473516334418, 0.034491225065831084, 0.6068613837235062, 1.246913559672327, -1.4582193213965557
-16.507602158563834, 4.294933967002466, 4.754668973479598, 0.034491225065831084, 0.5776545503930748, 1.2525067835494113, -1.5113209173020348
-16.507602158563834, 4.205071166815029, 4.754668973479598, 0.021892203251498335, 0.5621810217933972, 1.2485955059589753, -1.4996948585184036
-16.49407984002145, 4.105071166815028, 4.843679444654574, 0.021892203251498335, 0.5403942118785914, 1.2606941608425115, -1.4363884146580026
-16.480557521479067, 4.0050711668150285, 4.932689915829551, 0.021892203251498335, 0.5267460246571581, 1.2750734254193095, -1.43638841465802
-16.467035202936685, 3.9050711668150284, 5.021700387004526, 0.021892203251498335, 0.5153330413009457, 1.2899625714378733, -1.4363884146580026
-16.4535128843943, 3.8050711668150283, 5.110710858179503, 0.021892203251498335, 0.5126621984616248, 1.3057010796422686, -1.4594876651896644
-16.4535128843943, 3.7840884264572354, 5.110710858179503, 0.008211175169713307, 0.5153053720712202, 1.306497450289578, -1.4721521113915128
-16.44153977617812, 3.6840884264572353, 5.161911256382773, 0.008211175169713307, 0.521674356103385, 1.3199827914142637, -1.4516325095965643
-16.429566667961943, 3.5840884264572352, 5.213111654586042, 0.008211175169713307, 0.5341002113577583, 1.331311075539508, -1.4516325095965468
-16.41759355974576, 3.484088426457235, 5.264312052789312, 0.008211175169713307, 0.5468328408255317, 1.3346745953307502, -1.4516325095965468
-16.405620451529582, 3.384088426457235, 5.315512450992581, 0.008211175169713307, 0.5638193564078222, 1.330549289117574, -1.4516325095965643
-16.393647343313404, 3.284088426457235, 5.366712849195851, 0.008211175169713307, 0.5841031412226722, 1.3241958899978588, -1.486898579657267
-16.393647343313404, 3.241712698858852, 5.366712849195851, -0.0005616689731727814, 0.5990697766795225, 1.31509913942387, -1.4843655299051033
-16.38131096165728, 3.1417126988588517, 5.397900392802483, -0.0005616689731727814, 0.6207441096697478, 1.307707107677022, -1.448052666724498
-16.368974580001158, 3.0417126988588516, 5.429087936409115, -0.0005616689731727814, 0.6431987509632462, 1.3011154197876231, -1.4480526667244804
-16.35663819834503, 2.9417126988588516, 5.460275480015746, -0.0005616689731727814, 0.6651867275428247, 1.2956481481528654, -1.4480526667244804
-16.34430181668891, 2.8417126988588515, 5.491463023622377, -0.0005616689731727814, 0.6854476527916222, 1.2910793473810478, -1.448052666724498
-16.331965435032785, 2.7417126988588514, 5.522650567229009, -0.0005616689731727814, 0.7020567937351704, 1.2871660648020458, -1.490632632540359
-16.331965435032785, 2.6881525989010884, 5.522650567229009, -0.005271214235570063, 0.7152391496259392, 1.2776183839965645, -1.4910601036671138
-16.319695117267784, 2.5881525989010883, 5.53383137546846, -0.005271214235570063, 0.7283401225307056, 1.2740809401903728, -1.4487034544820854
-16.307424799502787, 2.488152598901088, 5.545012183707911, -0.005271214235570063, 0.7396866717449231, 1.2707136453452206, -1.4487034544820854
-16.295154481737786, 2.388152598901088, 5.556192991947363, -0.005271214235570063, 0.749431213349058, 1.2672759794794402, -1.4487034544820854
-16.28288416397279, 2.288152598901088, 5.567373800186814, -0.005271214235570063, 0.7579246419131912, 1.263620230726259, -1.4487034544820854
-16.270613846207787, 2.188152598901088, 5.5785546084262645, -0.005271214235570063, 0.7663138987688748, 1.2596952668715593, -1.4907293287499723
-16.270613846207787, 2.135229593042999, 5.5785546084262645, -0.005496874243165455, 0.7760986724081186, 1.2515425345712579, -1.4943241934619307
-16.258896648129667, 2.035229593042999, 5.56968197163133, -0.005496874243165455, 0.7854441607950186, 1.246373517878023, -1.4541562003632165
-16.247179450051547, 1.9352295930429988, 5.560809334836396, -0.005496874243165455, 0.7955446507010286, 1.240796031643046, -1.4541562003632165
-16.235462251973427, 1.8352295930429987, 5.551936698041462, -0.005496874243165455, 0.8068204958657392, 1.2347685621260114, -1.4541562003632165
-16.223745053895307, 1.7352295930429986, 5.543064061246528, -0.005496874243165455, 0.8193566063062007, 1.2284478905297243, -1.4541562003632165
-16.212027855817187, 1.6352295930429985, 5.534191424451594, -0.005496874243165455, 0.8325802739818554, 1.22224696857778, -1.4892377404565436
-16.212027855817187, 1.5918822532932044, 5.534191424451594, -0.0028763531916952668, 0.8433964527027413, 1.214703770996697, -1.4905559641083006
-16.20050086375334, 1.4918822532932043, 5.505359809860915, -0.0028763531916952668, 0.8568844577920696, 1.208881630345527, -1.4560329106636474
-16.18897387168949, 1.3918822532932043, 5.4765281952702365, -0.0028763531916952668, 0.8697537077887745, 1.2040410972752205, -1.4560329106636474
-16.177446879625645, 1.2918822532932042, 5.447696580679557, -0.0028763531916952668, 0.8802346287818873, 1.2006129028998442, -1.4560329106636474
-16.165919887561795, 1.191882253293204, 5.418864966088879, -0.0028763531916952668, 0.8873036444288445, 1.1990236048311889, -1.4560329106636474
-16.15439289549795, 1.091882253293204, 5.3900333514982, -0.0028763531916952668, 0.8911924162038717, 1.1991681362331705, -1.4781409026597554
-16.15439289549795, 1.0678313759565268, 5.3900333514982, 0.002787773811896522, 0.8934079978540644, 1.1959508280026339, -1.4829242261336228
-16.14346414101234, 0.9678313759565267, 5.3412154857250185, 0.002787773811896522, 0.8897399085759959, 1.1974533166142745, -1.4619407919171032
-16.13253538652673, 0.8678313759565267, 5.292397619951836, 0.002787773811896522, 0.8767086360204458, 1.1991237275942639, -1.4619407919171032
-16.12160663204112, 0.7678313759565267, 5.243579754178654, 0.002787773811896522, 0.8587970020635747, 1.2020144201562986, -1.4619407919171032
-16.11067787755551, 0.6678313759565268, 5.194761888405472, 0.002787773811896522, 0.8386850034525329, 1.20589860094646, -1.4619407919171032
-16.099749123069902, 0.5678313759565268, 5.14594402263229, 0.002787773811896522, 0.8185217042382602, 1.2104335333780147, -1.5140449953142574
-16.099749123069902, 0.47546550744464977, 5.14594402263229, 0.0087699906575982, 0.8120069431592954, 1.2047626367560824, -1.4976209098554418
-16.085647491719556, 0.3754655074446498, 5.051328834512123, 0.0087699906575982, 0.7943390038153052, 1.2127124697276697, -1.4307037480417812
-16.071545860369206, 0.27546550744464976, 4.956713646391956, 0.0087699906575982, 0.7764859569255447, 1.22019748020103, -1.4307037480417812
-16.05744422901886, 0.17546550744464975, 4.862098458271788, 0.0087699906575982, 0.7650998611546145, 1.2268075252133994, -1.4307037480417988
-16.043342597668513, 0.07546550744464975, 4.767483270151621, 0.0087699906575982, 0.7593011867373632, 1.231120218667753, -1.4741856074332484
-16.043342597668513, 0.029956489629602512, 4.767483270151621, 0.008649570975837016, 0.7644891457281302, 1.2258224628896817, -1.483491706349201
-16.03060661334067, -0.07004351037039747, 4.63050170916077, 0.008649570975837016, 0.7660997102937294, 1.2250475567122454, -1.4441184730863508
-16.017870629012823, -0.17004351037039744, 4.493520148169919, 0.008649570975837016, 0.7762170264244999, 1.2213398654213083, -1.4441184730863508
-16.00513464468498, -0.2700435103703974, 4.356538587179068, 0.008649570975837016, 0.7911848139507544, 1.2166615695632834, -1.4441184730863597
-15.992398660357134, -0.3700435103703974, 4.219557026188216, 0.008649570975837016, 0.8154017004654209, 1.21164131004717, -1.5027595511201433
-15.992398660357134, -0.45694723263920567, 4.219557026188216, 0.030222902660894942, 0.8484233875841429, 1.1967727783137785, -1.4875181412783238
-15.976797574972926, -0.5569472326392056, 4.01439606597238, 0.030222902660894942, 0.8820432547814031, 1.1957580847312805, -1.4160330401560253
-15.961196489588716, -0.6569472326392056, 3.8092351057565437, 0.030222902660894942, 0.9195490954891509, 1.1958922749368015, -1.4160330401560253
-15.945595404204507, -0.7569472326392056, 3.6040741455407073, 0.030222902660894942, 0.9624013134206663, 1.1965249764302508, -1.4468069916161659
-15.945595404204507, -0.782127808013117, 3.6040741455407073, 0.11634740668924733, 0.977650797234375, 1.1921167276617612, -1.424306770841784
-15.927125451165153, -0.882127808013117, 3.400911339859772, 0.11634740668924733, 1.0284156836210652, 1.19533336191562, -1.38815510251012
-15.908655498125798, -0.9821278080131169, 3.1977485341788374, 0.11634740668924733, 1.0793812961263807, 1.1975019459523022, -1.38815510251012
-15.890185545086444, -1.082127808013117, 2.9945857284979023, 0.11634740668924733, 1.135849116199657, 1.197647678207339, -1.4583282552686951
-15.890185545086444, -1.1456587652724843, 2.9945857284979023, 0.22980553293775707, 1.182635741033234, 1.1838254841310691, -1.3652642683686578
-15.856093275305263, -1.2456587652724844, 2.7163756456058255, 0.22980553293775707, 1.2383183224722762, 1.1945659717189367, -1.2422309661211872
-15.822001005524081, -1.3456587652724845, 2.4381655627137486, 0.22980553293775707, 1.2932607416993156, 1.2063227804890075, -1.2830011322683301
-15.822001005524081, -1.3608302094850317, 2.4381655627137486, 0.3156788304406363, 1.3052047764438344, 1.203600309808236, -1.2757631374394016
-15.787000118683201, -1.4608302094850318, 2.2380275176724718, 0.3156788304406363, 1.365574124043517, 1.2211718881421514, -1.2341136068431124
-15.751999231842321, -1.560830209485032, 2.037889472631195, 0.3156788304406363, 1.4312498007762078, 1.2180657260149879, -1.3768550895486014
-15.751999231842321, -1.639033417616357, 2.037889472631195, 0.5010418530421198, 1.4988851952494313, 1.1399855960754672, -1.1545832999901713
-15.67322664298095, -1.739033417616357, 1.7753794686440196, 0.5010418530421198, 1.5434927341399198, 1.0340618032569304, -1.0623067258011023
-15.67322664298095, -1.7803606173701292, 1.7753794686440196, 0.8584327168325728, 1.5797553985364203, 0.9928912174038194, -0.9840386671014203
-15.579262441142095, -1.8803606173701293, 1.5313130553490342, 0.8584327168325728, 1.628460400179607, 0.8880406317517817, -0.8408481554226546
-15.579262441142095, -1.8853691790506408, 1.5313130553490342, 1.1946290090163167, 1.6330471637938155, 0.8830610105909681, -0.7898795562976654
-15.475190856019449, -1.985369179050641, 1.3874110521758563, 1.1946290090163167, 1.682671992863322, 0.7779818424035448, -0.7190951004861134
-15.375190856019449, -2.06402735772174, 1.3874110521758563, 1.302622969127769, 1.7209319891552632, 0.6955191873537864, -0.6098968918430494
-15.362623492377653, -2.06402735772174, 1.3515657148378741, 1.1774012169865722, 1.7169532664563938, 0.6957843561893537, -0.48422455390701435
-15.262623492377653, -2.1232369209037354, 1.3615937484934428, 1.1774012169865722, 1.7455469982408416, 0.6348837482162242, -0.4583088053455003
-15.242606750966958, -2.1232369209037354, 1.3615937484934428, 1.053330282354558, 1.740633091869747, 0.6358509803336211, -0.3428083786086581
-15.142606750966959, -2.166070874179211, 1.4027960004111322, 1.053330282354558, 1.7562625258827245, 0.5929770717078624, -0.32358676214135046
-15.114887103474024, -2.166070874179211, 1.4027960004111322, 0.9930508128613035, 1.7499692210669369, 0.5933393248242388, -0.2065980369963188
-15.014887103474024, -2.1928394428131783, 1.4279956472305293, 0.9930508128613035, 1.7571796812452958, 0.5680689500511553, -0.1920438211368601
-14.977217095833431, -2.1928394428131783, 1.4279956472305293, 0.9632181118022669, 1.7514825295210472, 0.5672496714725477, -0.04289456161331476
-14.877217095833432, -2.1987483619084296, 1.400708175050492, 0.9632181118022669, 1.7461160507707865, 0.5628473863006576, -0.04210751518777105
-14.83697071937314, -2.1987483619084296, 1.400708175050492, 0.887516754202864, 1.743201042153913, 0.564763034071805, 0.07297799779977684
-14.73697071937314, -2.1884952537290268, 1.4434869008049704, 0.887516754202864, 1.7291968277932068, 0.5760421762733859, 0.07201121920210556
-14.694834823467493, -2.1884952537290268, 1.4434869008049704, 0.9201720542693438, 1.7276085164639918, 0.5747193500086271, 0.19400273682933042
-14.594834823467494, -2.160569267996148, 1.3935462335589253, 0.9201720542693438, 1.7000397927590651, 0.6027158102580973, 0.1972279126289626
-14.555083068121048, -2.160569267996148, 1.3935462335589253, 1.1163753868914408, 1.701811095946307, 0.6033144899881028, 0.342069707034922
-14.455083068121048, -2.110808241077713, 1.348489805319678, 1.1163753868914408, 1.6609246759154541, 0.6527879027158358, 0.36719153396215387
-14.42571123265074, -2.110808241077713, 1.348489805319678, 1.2216187885319703, 1.6646404169861138, 0.6530696063626974, 0.4877022661650971
-14.32571123265074, -2.0421842047642977, 1.31090526285972, 1.2216187885319703, 1.6138071535854475, 0.7210899435126421, 0.5398056727199898
-14.31117854325059, -2.0421842047642977, 1.31090526285972, 1.1960334622484616, 1.6167968712310714, 0.7203945475389912, 0.627970826945897
-14.21117854325059, -1.9590321645184237, 1.2934749848099345, 1.1960334622484616, 1.5607620400707112, 0.8030702995442588, 0.6859082317783943
-14.209585324523973, -1.9590321645184237, 1.2934749848099345, 1.2589960920446455, 1.561211501753173, 0.8030180972228027, 0.8337010191028679
-14.120755632106066, -1.859423016806152, 1.3242243871502277, 1.5127304152363363, 1.4950669911194465, 0.9026565132139073, 0.9036417003856779
-14.052366520941195, -1.759423016806152, 1.418572911497136, 1.5127304152363363, 1.426148930246428, 1.002424802732871, 1.0425556999075674
-14.052366520941195, -1.742229291160534, 1.418572911497136, 1.7118787278433174, 1.4102443204439348, 1.0196099788142583, 1.2510497851696005
-14.013562724898955, -1.6422292911605338, 1.5901461024891304, 1.7118787278433174, 1.334711201406637, 1.1193273538832498, 1.2920922600988158
-14.013562724898955, -1.6066236374700917, 1.5901461024891304, 1.1052753130189812, 1.3027031073576147, 1.1549213008504184, 1.4713139213007604
-14.00002766776236, -1.5066236374700916, 1.9034035928322277, 1.1052753130189812, 1.2203774070444509, 1.2546504986693625, 1.4886938080994951
-14.00002766776236, -1.4421386594453551, 1.9034035928322277, 0.264264549574205, 1.1643808726156832, 1.319130724270894, 1.5234288646700005
-13.992230599557075, -1.342138659445355, 2.0964673993831453, 0.264264549574205, 1.0837092890155802, 1.4190598141324389, 1.4929830765791958
-13.984433531351788, -1.242138659445355, 2.289531205934063, 0.264264549574205, 1.0065736029865113, 1.5190382592288205, 1.5142161875266165
-13.984433531351788, -1.2044799995928652, 2.289531205934063, 0.145006959934636, 0.9767882786058214, 1.5566969190765667, 1.5454087991823702
-13.980937967296786, -1.1044799995928651, 2.4601682202021538, 0.145006959934636, 0.9029203545920254, 1.6567005553115208, 1.5358549132111772
-13.977442403241783, -1.004479999592865, 2.630805234470244, 0.145006959934636, 0.8345294663387144, 1.756710733163731, 1.546911099073275
-13.977442403241783, -0.9581594651644051, 2.630805234470244, 0.11758621615583614, 0.8038623388904509, 1.7531719408846707, 1.582615734437392
-13.979171905821657, -0.8581594651644051, 2.763016382650565, 0.11758621615583614, 0.7372104943498948, 1.7359981556340427, 1.5880896284856763
-13.980901408401529, -0.7581594651644051, 2.895227530830886, 0.11758621615583614, 0.6771276373611842, 1.7198468330472998, 1.5880896284856763
-13.982630910981403, -0.6581594651644052, 3.027438679011207, 0.11758621615583614, 0.6273199693421275, 1.7041756257235776, 1.5880079812300263
-13.982630910981403, -0.6576849988776509, 3.027438679011207, 0.05583021348289021, 0.6271196805432478, 1.7040903938918546, 1.5936343973809226
-13.98492595296249, -0.5576849988776509, 3.1694697230437914, 0.05583021348289021, 0.5897182596760187, 1.688914901674943, 1.593742718383508
-13.987220994943579, -0.4576849988776509, 3.311500767076376, 0.05583021348289021, 0.5571940928818874, 1.67314434036023, 1.593742718383508
-13.989516036924666, -0.35768499887765093, 3.4535318111089603, 0.05583021348289021, 0.5401894889341652, 1.6562449445406295, 1.5878437046265417
-13.989516036924666, -0.3230707680932209, 3.4535318111089603, 0.05833945069095659, 0.538270717994413, 1.6486252692376637, 1.612392928320906
-13.995118763238457, -0.22307076809322088, 3.578794508416242, 0.05833945069095659, 0.5269863812117265, 1.6307513744075168, 1.6267650758950776
-14.000721489552248, -0.12307076809322087, 3.704057205723523, 0.05833945069095659, 0.5274777795492315, 1.6070406625872915, 1.6267650758950776
-14.006324215866039, -0.02307076809322084, 3.8293199030308043, 0.05833945069095659, 0.5351944227698081, 1.5749647529832276, 1.6041020743152272
-14.006324215866039, 0.04508803111960735, 3.8293199030308043, 0.05543844648592966, 0.5439934501153959, 1.5454675062940426, 1.6273044352677926
-14.015836678647265, 0.14508803111960736, 3.9157499755169685, 0.05543844648592966, 0.5576222859121766, 1.5095806723226441, 1.6656355844399617
-14.02534914142849, 0.24508803111960736, 4.002180048003133, 0.05543844648592966, 0.5671925149718939, 1.4737404806007006, 1.6656355844399615
-14.034861604209716, 0.3450880311196074, 4.088610120489297, 0.05543844648592966, 0.5824955707420009, 1.4399022763312301, 1.6188695543390763
-14.034861604209716, 0.44281001191332114, 4.088610120489297, 0.02512761933500343, 0.6115219213105286, 1.4000178811718544, 1.6143632369476335
-14.04348119421705, 0.5428100119133211, 4.131854918742011, 0.02512761933500343, 0.6272604152301297, 1.3690293104775302, 1.6567797026193762
-14.052100784224383, 0.6428100119133211, 4.175099716994726, 0.02512761933500343, 0.6472514635282957, 1.3422563363232654, 1.6567797026193762
-14.060720374231716, 0.7428100119133211, 4.21834451524744, 0.02512761933500343, 0.6699828182897739, 1.3170187098722643, 1.6567797026193762
-14.069339964239049, 0.842810011913321, 4.261589313500155, 0.02512761933500343, 0.6882608689547869, 1.2972930411300372, 1.6442885021921128
-14.069339964239049, 0.8598845977192315, 4.261589313500155, 0.0005765444183487874, 0.6941632899874632, 1.2932409201744433, 1.6431616103452982
-14.07782691965545, 0.9598845977192315, 4.2798831248994675, 0.0005765444183487874, 0.7119878967591393, 1.274664274211535, 1.6554629897677848
-14.086313875071852, 1.0598845977192315, 4.2981769362987805, 0.0005765444183487874, 0.7294999800423705, 1.2616260806185617, 1.6554629897677848
-14.094800830488253, 1.1598845977192314, 4.3164707476980935, 0.0005765444183487874, 0.7458075385070437, 1.250684393645455, 1.6554629897677848
-14.103287785904655, 1.2598845977192314, 4.334764559097406, 0.0005765444183487874, 0.7606106611916252, 1.2415727290937701, 1.6361879093192409
-14.103287785904655, 1.28948621816971, 4.334764559097406, -0.0048960071718050155, 0.768058590269863, 1.2373717199095187, 1.6343453782384327
-14.111534950949023, 1.38948621816971, 4.328113968010428, -0.0048960071718050155, 0.7813030211701559, 1.2303734841621645, 1.6530817576146006
-14.119782115993392, 1.4894862181697102, 4.32146337692345, -0.0048960071718050155, 0.7925632110288772, 1.2241741734428084, 1.6530817576146006
-14.12802928103776, 1.5894862181697103, 4.314812785836473, -0.0048960071718050155, 0.8022629878694081, 1.2173765145158255, 1.6530817576146006
-14.136276446082128, 1.6894862181697103, 4.308162194749495, -0.0048960071718050155, 0.811313562002703, 1.2074033415270358, 1.6348667102312624
-14.136276446082128, 1.7180304316378727, 4.308162194749495, -0.0014240920789488768, 0.8162370723053253, 1.2016254722423907, 1.6328081187510028
-14.144257936569025, 1.8180304316378728, 4.276497508536065, -0.0014240920789488768, 0.8256468074587562, 1.1838632800072777, 1.6504423917476194
-14.152239427055921, 1.918030431637873, 4.244832822322634, -0.0014240920789488768, 0.8352279276610992, 1.1591028012653282, 1.6504423917476194
-14.160220917542818, 2.018030431637873, 4.2131681361092035, -0.0014240920789488768, 0.8453055364517682, 1.1352919947953026, 1.6504423917476194
-14.168202408029714, 2.118030431637873, 4.181503449895773, -0.0014240920789488768, 0.8561671279769935, 1.1114793847844653, 1.6373443524520392
-14.168202408029714, 2.137789125395347, 4.181503449895773, -0.008642468383496053, 0.8598420067325054, 1.1062643342439011, 1.6356155041653186
-14.175975958016188, 2.2377891253953472, 4.12470480840722, -0.008642468383496053, 0.8723161846368648, 1.0865794763019143, 1.6483758116993434
-14.183749508002663, 2.3377891253953473, 4.067906166918666, -0.008642468383496053, 0.8858832636303275, 1.0729518259050765, 1.6483758116993434
-14.191523057989137, 2.4377891253953474, 4.011107525430113, -0.008642468383496053, 0.9004555667679587, 1.0606753538427098, 1.6483758116993434
-14.199296607975612, 2.5377891253953475, 3.9543088839415588, -0.008642468383496053, 0.9155926284522757, 1.0561725878703467, 1.6478244605994237
-14.199296607975612, 2.5385077740741337, 3.9543088839415588, -0.0494975895837122, 0.9157938885397608, 1.0561189227874244, 1.6449352917825428
-14.206777495816935, 2.638507774074134, 3.8326158562289785, -0.0494975895837122, 0.9317704640109715, 1.0535919565890441, 1.6454661192577016
-14.21425838365826, 2.738507774074134, 3.710922828516398, -0.0494975895837122, 0.948439988808194, 1.05784442597466, 1.6454661192577016
-14.221739271499583, 2.838507774074134, 3.589229800803818, -0.0494975895837122, 0.9657531329943846, 1.066968628567055, 1.6133069208785493
-14.221739271499583, 2.9143787797799643, 3.589229800803818, -0.13066705374447923, 0.9845485490738256, 1.0701289167656982, 1.5767228262269897
-14.222781583118223, 3.0143787797799644, 3.4293904399014137, -0.13066705374447923, 1.0093861137729312, 1.0834620513823217, 1.581219065545418
-14.223823894736862, 3.1143787797799645, 3.269551078999009, -0.13066705374447923, 1.034802960832361, 1.0984029478374207, 1.581219065545418
-14.224866206355502, 3.2143787797799646, 3.1097117180966047, -0.13066705374447923, 1.0607701157930496, 1.1196713523737165, 1.5783783809984968
-14.224866206355502, 3.2518470195554583, 3.1097117180966047, -0.21019148333744045, 1.0700010484265081, 1.1294435802959053, 1.4927996769396723
-14.214122348678734, 3.3518470195554584, 2.8551439742776856, -0.21019148333744045, 1.1075626449124767, 1.1483513602511386, 1.463768299899798
-14.203378491001965, 3.4518470195554585, 2.6005762304587665, -0.21019148333744045, 1.1456523547709754, 1.1693721282645861, 1.5148516623463686
-14.203378491001965, 3.543690991003194, 2.6005762304587665, -0.3092882323402159, 1.1709887686356508, 1.2047834927943242, 1.489804714895006
-14.187806675113752, 3.643690991003194, 2.3491655381088825, -0.3092882323402159, 1.212633961287501, 1.2362775280481353, 1.4163187931050394
-14.172234859225536, 3.743690991003194, 2.0977548457589985, -0.3092882323402159, 1.2536558980382688, 1.2701939288532256, 1.4638422703190488
-14.172234859225536, 3.788728915244507, 2.0977548457589985, -0.718598143432868, 1.2194362912309937, 1.2926699270532505, 1.1904539746919036
-14.114247283941173, 3.8887289152445073, 1.6517698822367586, -0.718598143432868, 1.1366057736688668, 1.2992286230453258, 1.2649499846716026
-14.114247283941173, 3.9723770407541714, 1.6517698822367586, -1.5412594260468304, 1.055119065757321, 1.3499903181294248, 1.1239769074944999
-14.026254428569223, 4.072377040754171, 1.3156241818263328, -1.5412594260468304, 0.9716477664918978, 1.3506143945596787, 0.9590495441279047
-14.026254428569223, 4.09780837704615, 1.3156241818263328, -2.1726684528090323, 0.9464550171343757, 1.3685411293226395, 0.8293353757237998
-13.933215385345497, 4.173973324915829, 1.118436298113906, -2.55323131742693, 0.881987063468319, 1.3554322305900195, 0.559791737255858
-13.836883319986752, 4.216479571651569, 1.0673851987375929, -2.093425934162941, 0.8446099840777278, 1.3233538696199414, 0.3077002879242951
-13.736883319986752, 4.236366414922401, 1.1466235080154557, -2.093425934162941, 0.8268814180169795, 1.2784315414610756, 0.19125581697540409
-13.73417391570862, 4.236366414922401, 1.1466235080154557, -1.160674721691508, 0.8269521334304114, 1.2768656544682269, 0.12744378460627104
-13.63417391570862, 4.249527420717182, 1.3320961300861636, -1.160674721691508, 0.8133798783516621, 1.2331231625160548, 0.11104744961692425
-13.61614452520329, 4.249527420717182, 1.3320961300861636, -0.8236245658511859, 0.8123617949718043, 1.2239061758664003, 0.0022352108661805917
-13.516144525203291, 4.249791241732733, 1.5794470399601805, -0.8236245658511859, 0.8075466875458771, 1.1767319805140972, 0.0018263120161108287
-13.471689076240537, 4.249791241732733, 1.5794470399601805, -0.5740886242257782, 0.8057196373509137, 1.1558339127454598, -0.13273661441969742
-13.371689076240537, 4.230503303102528, 1.934405748012971, -0.5740886242257782, 0.8190815579218181, 1.0935293947961864, -0.11165100053929697
-13.299655468086396, 4.230503303102528, 1.934405748012971, -0.22033498130637155, 0.8128711307700899, 1.0654187669201118, -0.09369050819612447
-13.199655468086396, 4.2143380602025715, 2.1300611684218547, -0.22033498130637155, 0.8213360716375879, 1.0179466860121562, -0.1602660282766875
-13.099655468086397, 4.1981728173026145, 2.3257165888307383, -0.22033498130637155, 0.8292998599189351, 0.9786911629194978, -0.1450154949706963
-13.088965447722309, 4.1981728173026145, 2.3257165888307383, -0.07201109439374449, 0.828922928524644, 0.9767242273676952, -0.1762792625701338
-12.98896544772231, 4.178455806507383, 2.5216459471148625, -0.07201109439374449, 0.8390654181725969, 0.9346669592072746, -0.19467303490164192
-12.88896544772231, 4.158738795712152, 2.717575305398986, -0.07201109439374449, 0.8482745570664977, 0.9019804984591963, -0.1298526062684783
-12.837978372346988, 4.158738795712152, 2.717575305398986, -0.06037812100553806, 0.8424184456964693, 0.8994083526195904, -0.172418520094714
-12.737978372346989, 4.1324447520391985, 2.9018365327286664, -0.06037812100553806, 0.8573067949596584, 0.8683411272036688, -0.2571203301493701
-12.63797837234699, 4.106150708366245, 3.0860977600583466, -0.06037812100553806, 0.8711127450468484, 0.8450182861488854, -0.1380043052212398
-12.548658870315881, 4.106150708366245, 3.0860977600583466, -0.05701958213887354, 0.8584452219109906, 0.8524289533536521, -0.11060668565276516
-12.448658870315882, 4.085124893561438, 3.186043267174352, -0.05701958213887354, 0.8631203653238615, 0.8440375633295366, -0.20723942594103467
-12.348658870315882, 4.064099078756629, 3.2859887742903573, -0.05701958213887354, 0.8658662702390013, 0.8408437807215019, -0.20723942594103467
-12.248658870315882, 4.043073263951822, 3.385934281406363, -0.05701958213887354, 0.866895692699551, 0.8439346495000081, -0.17053731801914782
-12.226564846246255, 4.043073263951822, 3.385934281406363, -0.04556613788970659, 0.862697241058855, 0.8492400007207224, -0.2018220079918605
-12.126564846246255, 4.018091896852528, 3.446336215633433, -0.04556613788970659, 0.8658622096120052, 0.8506940713855818, -0.244803286962563
-12.026564846246256, 3.9931105297532348, 3.5067381498605026, -0.04556613788970659, 0.8653582453272346, 0.8554450516606451, -0.244803286962563
-11.926564846246256, 3.9681291626539412, 3.5671400840875727, -0.04556613788970659, 0.86346490993237, 0.8615603615812658, -0.1734357996939356
-11.883973848546873, 3.9681291626539412, 3.5671400840875727, -0.02097348841747184, 0.8525643763722363, 0.873071000044702, -0.18414853988102803
-11.783973848546873, 3.941570348550759, 3.5981617645150092, -0.02097348841747184, 0.8511507186384096, 0.8505690191698553, -0.2595951993707816
-11.683973848546874, 3.915011534447577, 3.6291834449424463, -0.02097348841747184, 0.8477813042009017, 0.8120850018901212, -0.2595951993707816
-11.583973848546874, 3.888452720344395, 3.660205125369883, -0.02097348841747184, 0.8433478610127477, 0.7719527486952023, -0.17172484114444517
-11.530837987624372, 3.888452720344395, 3.660205125369883, 0.011939756808266816, 0.8271264284143655, 0.7658720936385467, -0.17043334565828347
-11.430837987624372, 3.862097583860766, 3.657109470725317, 0.011939756808266816, 0.8221638375615328, 0.7306887228587023, -0.25769166560741497
-11.330837987624372, 3.8357424473771364, 3.654013816080752, 0.011939756808266816, 0.8168458203958627, 0.6980247963649354, -0.25769166560741497
-11.230837987624373, 3.8093873108935075, 3.650918161436186, 0.011939756808266816, 0.8113425846506636, 0.6740813819430095, -0.16770397330373077
-11.175161318945037, 3.8093873108935075, 3.650918161436186, 0.013503997571510015, 0.7935634291084313, 0.6757852187675472, -0.1516255909872383
-11.075161318945037, 3.785600172688065, 3.615181018813349, 0.013503997571510015, 0.7854049401069015, 0.6643159124557527, -0.23353132358950135
-10.975161318945037, 3.7618130344826217, 3.579443876190511, 0.013503997571510015, 0.7771646030899111, 0.6571751979385483, -0.23353132358950135
-10.875161318945038, 3.738025896277179, 3.543706733567674, 0.013503997571510015, 0.7687941917738232, 0.655499023836072, -0.15711669805338024
-10.825011259101148, 3.738025896277179, 3.543706733567674, -0.0375162746274423, 0.7543702287552326, 0.669956203614664, -0.16576020652430845
-10.725011259101148, 3.712906504952515, 3.4781363183160754, -0.0375162746274423, 0.7472285279423668, 0.6740228225668082, -0.24610203013272708
-10.625011259101148, 3.6877871136278517, 3.412565903064477, -0.0375162746274423, 0.739793356451861, 0.6828092307419505, -0.24610203013272708
-10.525011259101149, 3.662667722303188, 3.3469954878128783, -0.0375162746274423, 0.731497258601573, 0.6949200468837129, -0.18265108763205706
-10.489017387568454, 3.662667722303188, 3.3469954878128783, -0.12677150361774905, 0.7187515328165057, 0.7068948566995988, -0.1952464273006821
-10.389017387568455, 3.63577277748049, 3.233609185539135, -0.12677150361774905, 0.7118929848823438, 0.718813481088986, -0.2627324055769096
-10.289017387568455, 3.608877832657792, 3.1202228832653924, -0.12677150361774905, 0.7046349532682546, 0.7333258102800103, -0.2627324055769096
-10.189017387568455, 3.5819828878350943, 3.0068365809916493, -0.12677150361774905, 0.6969439809838208, 0.7451783721291432, -0.24456683984627017
-10.181249006189137, 3.5819828878350943, 3.0068365809916493, -0.2359026537853309, 0.694553335358749, 0.7484779234482766, -0.42066446952714237
-10.081249006189138, 3.533770572309564, 2.8266878488872047, -0.2359026537853309, 0.7068969864532255, 0.7475619783756258, -0.44924412668805946
-9.981249006189138, 3.4855582567840337, 2.64653911678276, -0.2359026537853309, 0.7179752719793402, 0.7525078547300883, -0.28006409845382285
-9.913626132163756, 3.4855582567840337, 2.64653911678276, -0.35987696873474706, 0.6941331210645577, 0.7856658978188732, -0.2978856858602075
-9.813626132163757, 3.4340944926270636, 2.4665894210549197, -0.35987696873474706, 0.7088644809802418, 0.7953021663160181, -0.4752890320650119
-9.713626132163757, 3.382630728470093, 2.286639725327079, -0.35987696873474706, 0.7238625944048548, 0.8163557746962806, -0.3871944297661268
-9.687421115227032, 3.382630728470093, 2.286639725327079, -0.5854488959440016, 0.7137817802064572, 0.8323602306047002, -0.7425296385609635
-9.587421115227032, 3.266807467124786, 1.9469077132751789, -0.5854488959440016, 0.7891476380601531, 0.8175353755024888, -0.5725597319165425
-9.507734797227407, 3.266807467124786, 1.9469077132751789, -0.9158855931498101, 0.763507422008252, 0.8791919874829756, -0.615139829380888
-9.407734797227407, 3.1398416386606516, 1.6616196268005081, -0.9158855931498101, 0.8512374192959701, 0.8874490087316034, -0.8737287180894632
-9.375347487609238, 3.1086930323157973, 1.6616196268005081, -1.1914051730032602, 0.8713646365753793, 0.8991711686355606, -0.8162254960063996
-9.284432712700593, 3.008693032315797, 1.4662580450215104, -1.1914051730032602, 0.9386146001893643, 0.9381204406023801, -0.9805308214780333
-9.284432712700593, 2.9729872356263987, 1.4662580450215104, -1.4995885595355993, 0.9730825472469156, 0.9256138720107576, -1.1639915090043271
-9.225965540189826, 2.8729872356263986, 1.4250534587977561, -1.4995885595355993, 1.0500806700927607, 0.9542090872935372, -1.0966477150777978
-9.225965540189826, 2.859059672365881, 1.4250534587977561, -3.35583848195334, 1.0634537636389776, 0.9512622058992696, -1.5764407755774446
-9.226608605314894, 2.759059672365881, 1.5344456695600388, -3.35583848195334, 1.1055231664878535, 0.935295796587412, -1.575410761034912
-9.226608605314894, 2.719701188237405, 1.5344456695600388, -3.33233777437972, 1.0918744269154084, 0.9321367706230258, -2.088125446143976
-9.305906477176721, 2.619701188237405, 1.7333570170044772, -3.33233777437972, 1.1273847529829075, 0.8463411068043638, -2.1255257462037234
-9.305906477176721, 2.5917253079164597, 1.7333570170044772, -1.2505868857271174, 1.1162985950599966, 0.8460247746997248, -2.3027240549725136
-9.420879385460799, 2.4917253079164596, 1.9895666153415714, -1.2505868857271174, 1.176459852846609, 0.738460197139859, -2.5910476420346487
-9.468811306341992, 2.4917253079164596, 1.9895666153415714, -0.4749864756082412, 1.1961035805347922, 0.6910431232199045, -2.3670246145227583
-9.568811306341992, 2.346963421301616, 2.269127425110695, -0.4749864756082412, 1.0975096249319727, 0.6341190427590723, -2.4639594153774107
-9.64869462266276, 2.346963421301616, 2.269127425110695, -0.13804048796290613, 1.1259678130810031, 0.5615398819957125, -2.405712817735033
-9.748694622662759, 2.184067830452162, 2.514848552118053, -0.13804048796290613, 1.0038265869549263, 0.5623792610489823, -2.4526981443300295
-9.846508455701487, 2.184067830452162, 2.514848552118053, -0.0607448841362908, 1.0357849341746785, 0.48843327978590273, -2.4052129474619535
-9.946508455701487, 2.004754985836268, 2.7030111437406013, -0.0607448841362908, 0.9008706233866656, 0.5639772771459938, -2.1125659034592963
-9.954425666597194, 2.004754985836268, 2.7030111437406013, -0.06569660626403576, 0.9040591575994061, 0.559392309389121, -2.452942168618529
-10.054425666597194, 1.9159315831653472, 2.7608084280537897, -0.06569660626403576, 0.8557599132178169, 0.5898217352556114, -2.415316251447492
-10.154425666597193, 1.8271081804944265, 2.8186057123669777, -0.06569660626403576, 0.8128844662878877, 0.6281933328060934, -2.515547211466587
-10.177266822134168, 1.8271081804944265, 2.8186057123669777, -0.02631461831868124, 0.8230101883343435, 0.6203954951999857, -2.494380542808178
-10.277266822134168, 1.734263035401808, 2.8445306728309943, -0.02631461831868124, 0.7858802397583007, 0.6871034961909879, -2.393279036272654
-10.377266822134168, 1.6414178903091896, 2.8704556332950104, -0.02631461831868124, 0.7621071496060967, 0.7559492921091461, -2.4801663871413955
-10.39654483191501, 1.6414178903091896, 2.8704556332950104, 0.051000198031509035, 0.7728910196226071, 0.7533486771559558, -2.466379328520865
-10.49654483191501, 1.545903041931307, 2.8681375844552672, 0.051000198031509035, 0.763384953068772, 0.843241105225084, -2.379130677047162
-10.59654483191501, 1.4503881935534242, 2.865819535615524, 0.051000198031509035, 0.7715402035316609, 0.9448931506954179, -2.402644679013917
-10.601372318244016, 1.4503881935534242, 2.865819535615524, 0.19218741886883922, 0.7752612434735483, 0.9454562541114903, -2.4073162512244473
-10.701372318244015, 1.3557658266456716, 2.7917121294777036, 0.19218741886883922, 0.8040218096262272, 1.0458498888806098, -2.38381857695633
-10.801372318244015, 1.261143459737919, 2.717604723339883, 0.19218741886883922, 0.8542709931371685, 1.153958623181219, -2.3734582287715957
-10.801372318244015, 1.2591603101197644, 2.717604723339883, 0.41953554795655107, 0.8535685237599118, 1.1559086411933108, -2.2361637598847195
-10.88140271981883, 1.1591603101197643, 2.626296227375458, 0.41953554795655107, 0.8955159230946015, 1.270238252583015, -2.2457226169853493
-10.961433121393647, 1.0591603101197642, 2.5349877314110336, 0.41953554795655107, 0.9515522727239885, 1.277733152431234, -2.240551385118331
-10.961433121393647, 1.0580933924374119, 2.5349877314110336, 0.5447778891745786, 0.951382215505905, 1.2772566439189212, -2.110544599602434
-11.021981048239656, 0.9580933924374119, 2.441406638067558, 0.5447778891745786, 1.0011570718507592, 1.1800986725438547, -2.1152349636830636
-11.082528975085665, 0.8580933924374119, 2.3478255447240826, 0.5447778891745786, 1.0615248221041973, 1.0868363825043812, -2.113611951803393
-11.082528975085665, 0.8577260834440865, 2.3478255447240826, 0.5568075995347934, 1.0615417982960496, 1.0867113836762456, -1.9943598680071768
-11.127779936146922, 0.7577260834440865, 2.2406542958906766, 0.5568075995347934, 1.115677303445987, 1.0131995971734895, -1.9957352860224766
-11.173030897208179, 0.6577260834440866, 2.13348304705727, 0.5568075995347934, 1.1772262061206664, 0.9346142649164673, -1.796706596537978
-11.173030897208179, 0.5608402662562707, 2.13348304705727, 0.6106946907103816, 1.1970727787897877, 0.9050684490156325, -1.8572153925817785
-11.231017140214266, 0.46084026625627067, 1.9063367823118078, 0.6106946907103816, 1.2803575553006727, 0.8180506694935722, -1.8804879668984371
-11.231017140214266, 0.37962619972484846, 1.9063367823118078, 0.7460883291731151, 1.3074869149888173, 0.7946903573009816, -1.7220932511520028
-11.258645404188409, 0.2796261997248485, 1.685773172887665, 0.7460883291731151, 1.3719367445898725, 0.7421047200197047, -1.7376442492934459
-11.258645404188409, 0.21557613234975395, 1.685773172887665, 1.0585975449703429, 1.3998905463583045, 0.7240714595099705, -1.5349694657445054
-11.252765489254962, 0.11557613234975395, 1.502421102638509, 1.0585975449703429, 1.4430681835766797, 0.705688441719536, -1.5297156767466007
-11.252765489254962, 0.07252564830518252, 1.502421102638509, 1.4917409055900277, 1.4655190045444293, 0.6964760299336479, -1.298642801960479
-11.212843246794959, -0.02747435169481749, 1.391084795448672, 1.4917409055900277, 1.4887112388518995, 0.7142283521756159, -1.253975947497543
-11.212843246794959, -0.049238880247073874, 1.391084795448672, 1.8413909770407706, 1.501678317136535, 0.7107015862932567, -1.0383887000563667
-11.141104974698418, -0.14923888024707388, 1.3772997429412843, 1.8413909770407706, 1.5037863587643532, 0.7630340980673378, -0.8677779817240663
-11.041104974698419, -0.25188917346389683, 1.3772997429412843, 1.863432943964348, 1.4970848856619785, 0.8456706809433658, -0.7776364556505823
-11.03684870092731, -0.25188917346389683, 1.4738616541009264, 1.5857755083973875, 1.4940420597525121, 0.8498975975986526, -0.6656288317559517
-10.93684870092731, -0.33374743377904964, 1.6759287314692648, 1.5857755083973875, 1.4854813280129016, 0.9364782296315234, -0.5384592926121603
-10.899810100243403, -0.33374743377904964, 1.6759287314692648, 1.1140327457104315, 1.4616394395210113, 0.9732387518507151, -0.439500129159436
-10.799810100243404, -0.3981788742429691, 2.0352057206342775, 1.1140327457104315, 1.4465996500184914, 1.0623766743271474, -0.34791210734704403
-10.722148668908353, -0.3981788742429691, 2.0352057206342775, 0.672135402195378, 1.3995898478263729, 1.139298519735525, -0.13164116869667428
-10.622148668908354, -0.42170247320486387, 2.251079225250904, 0.672135402195378, 1.3631433840821412, 1.2345667906152273, -0.2310355877932102
-10.522148668908354, -0.4452260721667587, 2.46695272986753, 0.672135402195378, 1.3307056005648745, 1.3291948391706727, -0.1862744186403291
-10.497328028024366, -0.4452260721667587, 2.46695272986753, 0.3927254866254651, 1.3175696215105723, 1.3537291525041495, -0.11030123004826384
-10.397328028024367, -0.4590500504211201, 2.685763295792919, 0.3927254866254651, 1.2804560226657458, 1.4495084476816817, -0.13736914544250076
-10.297328028024367, -0.47287402867548156, 2.9045738617183083, 0.3927254866254651, 1.2504110320946482, 1.5450062331540568, -0.08085993922693364
-10.226738776175358, -0.47287402867548156, 2.9045738617183083, 0.20415635602549678, 1.2205324346641213, 1.6136236054060302, -0.02775315992111958
-10.126738776175358, -0.4776096353732053, 3.0622631594205454, 0.20415635602549678, 1.185732701167973, 1.7099013083447252, -0.04732071434158894
-10.026738776175359, -0.48234524207092894, 3.2199524571227824, 0.20415635602549678, 1.1585635524703246, 1.8051801525901803, -0.04732071434158894
-9.926738776175359, -0.48708084876865265, 3.3776417548250195, 0.20415635602549678, 1.1328540330370869, 1.8257072188180308, -0.03604603910027703
-9.895419063380317, -0.48708084876865265, 3.3776417548250195, 0.11395621750078785, 1.1241477230677197, 1.8254493714514157, -0.0004775177455772387
-9.795419063380317, -0.48714355626662265, 3.5457655982227627, 0.11395621750078785, 1.1019235355602504, 1.8241845378606134, -0.0006270748975065179
-9.695419063380317, -0.48720626376459264, 3.7138894416205055, 0.11395621750078785, 1.0872776429193043, 1.8184258000354572, -0.0006270748975065179
-9.595419063380318, -0.48726897126256263, 3.8820132850182487, 0.11395621750078785, 1.0730850523157176, 1.8091531783296142, -0.00037254491504951954
-9.527097090550258, -0.48726897126256263, 3.8820132850182487, 0.07120657565054361, 1.0686308098382555, 1.8014814913169994, 0.01533187062920295
-9.427097090550259, -0.48468807832096295, 4.01174864007956, 0.07120657565054361, 1.0673962730477629, 1.7910420096625879, 0.025803201255308487
-9.327097090550259, -0.48210718537936326, 4.14148399514087, 0.07120657565054361, 1.0673584413865325, 1.779307799219801, 0.025803201255308487
-9.22709709055026, -0.47952629243776357, 4.2712193502021805, 0.07120657565054361, 1.0754035959109083, 1.765986513178606, 0.025803201255308487
-9.12709709055026, -0.4769453994961639, 4.400954705263492, 0.07120657565054361, 1.0922481633277008, 1.7514431366516543, 0.02158105900523761
-9.107525004134457, -0.4769453994961639, 4.400954705263492, 0.04368369139692623, 1.0954229828868964, 1.7478831217206539, 0.045790760634760175
-9.007525004134457, -0.47146627264007623, 4.526328603470427, 0.04368369139692623, 1.111574559372467, 1.7355640978430429, 0.05473653779690278
-8.907525004134458, -0.4659871457839886, 4.651702501677362, 0.04368369139692623, 1.1363558123728557, 1.7227979998825356, 0.05473653779690278
-8.807525004134458, -0.46050801892790094, 4.777076399884297, 0.04368369139692623, 1.1650788186478211, 1.709803075958711, 0.05473653779690278
-8.707525004134459, -0.4550288920718133, 4.902450298091233, 0.04368369139692623, 1.1976948109814018, 1.6969831989138746, 0.032555490084893904
-8.63928330349731, -0.4550288920718133, 4.902450298091233, 0.02022257472667918, 1.2274849767672502, 1.6853688514052885, 0.035445768282211625
-8.53928330349731, -0.44906293697937727, 5.001522721652107, 0.02022257472667918, 1.2673503111338937, 1.674439198673347, 0.05958892037418792
-8.43928330349731, -0.44309698188694124, 5.100595145212981, 0.02022257472667918, 1.3106105607330363, 1.663776558789721, 0.05958892037418792
-8.33928330349731, -0.4371310267945052, 5.199667568773856, 0.02022257472667918, 1.3594728824791336, 1.6546327154325124, 0.05958892037418792
-8.239283303497311, -0.4311650717020692, 5.29873999233473, 0.02022257472667918, 1.4078330218617636, 1.6474557980370015, 0.05958892037418792
-8.139283303497312, -0.42519911660963317, 5.397812415895605, 0.02022257472667918, 1.461469227159113, 1.6425103996187667, 0.05162436085571244
-8.123821259095067, -0.42519911660963317, 5.397812415895605, 0.0014123146726028781, 1.4709246027915333, 1.6404681597102708, 0.05570345303568813
-8.023821259095067, -0.4187608215897761, 5.497810502085163, 0.0014123146726028781, 1.524514279900276, 1.6369424946802067, 0.06429421149442054
-7.923821259095067, -0.412322526569919, 5.59780858827472, 0.0014123146726028781, 1.5819683598393686, 1.634361581891461, 0.06429421149442054
-7.823821259095068, -0.405884231550062, 5.697806674464278, 0.0014123146726028781, 1.639370941031934, 1.6329948468277693, 0.06429421149442054
-7.723821259095068, -0.3994459365302049, 5.797804760653835, 0.0014123146726028781, 1.6996185329898503, 1.6322101443080452, 0.06429421149442054
-7.6238212590950685, -0.39300764151034784, 5.897802846843393, 0.0014123146726028781, 1.7045096579812788, 1.6313753441062644, 0.039013327220572463
-7.558876900335114, -0.39300764151034784, 5.897802846843393, -0.00511216718928977, 1.6980819687394375, 1.626214428060778, 0.032557200086847655
-7.458876900335114, -0.38763561682090586, 5.970421467886423, -0.00511216718928977, 1.6835337964805124, 1.6224950331898405, 0.05366865973037216
-7.358876900335114, -0.3822635921314639, 6.0430400889294535, -0.00511216718928977, 1.6692483393225692, 1.618079553337319, 0.05366865973037216
-7.258876900335115, -0.3768915674420219, 6.115658709972484, -0.00511216718928977, 1.6559570827425194, 1.6136962173000675, 0.05366865973037216
-7.158876900335115, -0.3715195427525799, 6.188277331015514, -0.00511216718928977, 1.6442153918362448, 1.6100733766990605, 0.05366865973037216
-7.0588769003351155, -0.36614751806313794, 6.260895952058544, -0.00511216718928977, 1.6340270829330197, 1.607939393043622, 0.05366865973037216
-6.958876900335116, -0.36077549337369597, 6.333514573101574, -0.00511216718928977, 1.6252933304025694, 1.6074194855859718, 0.04847315309707328
-6.948138971520259, -0.36077549337369597, 6.333514573101574, -0.004731447398292845, 1.6247360375110687, 1.6070948527568933, 0.04890897749417012
-6.848138971520259, -0.35535509179013286, 6.389782815979569, -0.004731447398292845, 1.616563837475369, 1.6073080454051751, 0.054151024059988374
-6.74813897152026, -0.3499346902065697, 6.446051058857563, -0.004731447398292845, 1.609430328818997, 1.6102090744245916, 0.054151024059988374
-6.64813897152026, -0.3445142886230066, 6.502319301735557, -0.004731447398292845, 1.6038988808602237, 1.6153158927085682, 0.0541510240599881
-6.5481389715202605, -0.3390938870394435, 6.558587544613551, -0.004731447398292845, 1.5999725922345671, 1.6217193550079383, 0.054151024059988374
-6.448138971520261, -0.3336734854558803, 6.614855787491545, -0.004731447398292845, 1.597654702330403, 1.6281621164234612, 0.054151024059988374
-6.348138971520261, -0.3282530838723172, 6.67112403036954, -0.004731447398292845, 1.5958281373137657, 1.6347785070377048, 0.03634226839051848
-6.299055954343689, -0.3282530838723172, 6.67112403036954, -0.000980762515662232, 1.597963392141992, 1.6345106846231514, 0.03594133975714736
-6.199055954343689, -0.3228925320834574, 6.710760669309144, -0.000980762515662232, 1.5989731660054676, 1.638592253241889, 0.053554260161678566
-6.099055954343689, -0.31753198029459756, 6.750397308248747, -0.000980762515662232, 1.6004376675911547, 1.638846744878876, 0.053554260161678566
-5.99905595434369, -0.31217142850573776, 6.79003394718835, -0.000980762515662232, 1.603147667861037, 1.6358486329284696, 0.05355426016167829
-5.89905595434369, -0.30681087671687796, 6.829670586127954, -0.000980762515662232, 1.6074715453949384, 1.6300297062339568, 0.053554260161678566
-5.79905595434369, -0.3014503249280181, 6.869307225067558, -0.000980762515662232, 1.6133505009439582, 1.6223226759812106, 0.053554260161678566
-5.699055954343691, -0.2960897731391583, 6.908943864007162, -0.000980762515662232, 1.6206632598088537, 1.6119251256991733, 0.030042635026593385
-5.620678160673524, -0.2960897731391583, 6.908943864007162, 0.005236963580455153, 1.6305045041855457, 1.5992670512567306, 0.03410764891267067
-5.5206781606735245, -0.2900033656254794, 6.931920281101618, 0.005236963580455153, 1.6384280388677952, 1.5881529142636461, 0.06078908605859688
-5.420678160673525, -0.28391695811180045, 6.954896698196074, 0.005236963580455153, 1.6475276957223715, 1.5768697703198775, 0.06078908605859688
-5.320678160673525, -0.27783055059812156, 6.97787311529053, 0.005236963580455153, 1.6576793291078749, 1.5657845022035757, 0.06078908605859661
-5.2206781606735255, -0.27174414308444267, 7.000849532384986, 0.005236963580455153, 1.6687588571962504, 1.5552112163805176, 0.06078908605859688
-5.120678160673526, -0.2656577355707637, 7.023825949479443, 0.005236963580455153, 1.6806334829165088, 1.5450671416424666, 0.06078908605859688
-5.020678160673526, -0.2595713280570848, 7.046802366573899, 0.005236963580455153, 1.6924718250549036, 1.5350888914467213, 0.03078740522637898
-4.9230491523857784, -0.2595713280570848, 7.046802366573899, 0.004969284294474826, 1.7104506464262186, 1.519493183157929, 0.030264163223216376
-4.823049152385779, -0.2535884247616608, 7.052177550085602, 0.004969284294474826, 1.7236115449412766, 1.5089537499237813, 0.05975779960943339
-4.723049152385779, -0.24760552146623688, 7.057552733597305, 0.004969284294474826, 1.7371975967505595, 1.4977875274193468, 0.05975779960943339
-4.6230491523857795, -0.24162261817081288, 7.0629279171090085, 0.004969284294474826, 1.7510858740622568, 1.4857877130361856, 0.05975779960943353
-4.52304915238578, -0.2356397148753889, 7.068303100620712, 0.004969284294474826, 1.7651526381196445, 1.473315861791731, 0.05975779960943339
-4.42304915238578, -0.22965681157996493, 7.0736782841324155, 0.004969284294474826, 1.779201975525844, 1.461058258147328, 0.05975779960943339
-4.323049152385781, -0.22367390828454095, 7.079053467644118, 0.004969284294474826, 1.792907265788968, 1.4497048857929826, 0.05975779960943339
-4.223049152385781, -0.21769100498911698, 7.084428651155822, 0.004969284294474826, 1.8059278221165709, 1.4394033643829047, 0.05682761977389713
-4.217880898297514, -0.21769100498911698, 7.084428651155822, -0.0040846229995133085, 1.8069561951251603, 1.438751677931586, 0.05220868267005359
-4.117880898297514, -0.21219531479066894, 7.075508271944964, -0.0040846229995133085, 1.8187481552662885, 1.4284869766670685, 0.05490167396783691
-4.0178808982975145, -0.20669962459222088, 7.0665878927341055, -0.0040846229995133085, 1.8281891464373283, 1.420512204810507, 0.05490167396783691
-3.917880898297515, -0.20120393439377285, 7.057667513523247, -0.0040846229995133085, 1.8342245738104435, 1.4154414934791064, 0.054901673967836774
-3.817880898297515, -0.19570824419532482, 7.048747134312388, -0.0040846229995133085, 1.8345261773065096, 1.4119997115580716, 0.054901673967836774
-3.7178808982975156, -0.19021255399687678, 7.03982675510153, -0.0040846229995133085, 1.8235447678111956, 1.4094150743178828, 0.05490167396783691
-3.617880898297516, -0.18471686379842872, 7.030906375890672, -0.0040846229995133085, 1.803341600092477, 1.4081421219038048, 0.05490167396783691
-3.5178808982975163, -0.1792211735999807, 7.021985996679814, -0.0040846229995133085, 1.7777186006604626, 1.407003020298096, 0.05288050521983066
-3.5140512052956123, -0.1792211735999807, 7.021985996679814, -0.006912710462674813, 1.7768122010926732, 1.4068030380445748, 0.05043384411028346
-3.4140512052956122, -0.17398019869530312, 6.994965156492685, -0.006912710462674813, 1.7475781259539633, 1.4031058936306204, 0.05236184192807613
-3.314051205295612, -0.16873922379062556, 6.967944316305556, -0.006912710462674813, 1.715207424194471, 1.394646749554608, 0.05236184192807613
-3.214051205295612, -0.163498248885948, 6.940923476118427, -0.006912710462674813, 1.6806923515170715, 1.3818909546680027, 0.05236184192807613
-3.114051205295612, -0.15825727398127043, 6.913902635931298, -0.006912710462674813, 1.6447284479207005, 1.3686883857301553, 0.05236184192807613
-3.014051205295612, -0.15301629907659287, 6.886881795744169, -0.006912710462674813, 1.6073786819958518, 1.3563476483586785, 0.05236184192807613
-2.914051205295612, -0.1477753241719153, 6.85986095555704, -0.006912710462674813, 1.5685251522050676, 1.3456903727302894, 0.027134072069840944
-2.8209475461132296, -0.1477753241719153, 6.85986095555704, 0.003060991560165532, 1.5352224694924446, 1.3311504422488412, 0.02862605425832743
-2.7209475461132295, -0.1422460179323529, 6.816201459110492, 0.003060991560165532, 1.4929121148370026, 1.3246598003898462, 0.05523681595855981
-2.6209475461132294, -0.13671671169279045, 6.7725419626639445, 0.003060991560165532, 1.449336843442409, 1.3211920106198298, 0.05523681595855981
-2.5209475461132294, -0.13118740545322805, 6.728882466217396, 0.003060991560165532, 1.4045082184729432, 1.318027137084855, 0.05523681595855967
-2.4209475461132293, -0.12565809921366564, 6.685222969770848, 0.003060991560165532, 1.3584349298005762, 1.316799529268444, 0.05523681595855981
-2.320947546113229, -0.1201287929741032, 6.6415634733243, 0.003060991560165532, 1.3111227996208628, 1.3160907365639516, 0.05523681595855981
-2.220947546113229, -0.11459948673454079, 6.5979039768777525, 0.003060991560165532, 1.262577071588716, 1.3139943817058821, 0.032103438952249264
-2.1487726411288266, -0.11459948673454079, 6.5979039768777525, 0.009399946538004517, 1.2303425241854091, 1.3047527955377094, 0.03717844461195298
-2.0487726411288265, -0.10819534061204372, 6.537587293020412, 0.009399946538004517, 1.1806286508788704, 1.2944575312314515, 0.06395412477214797
-1.9487726411288264, -0.10179119448954665, 6.477270609163071, 0.009399946538004517, 1.1325242853342519, 1.282100685941388, 0.06395412477214797
-1.8487726411288263, -0.09538704836704959, 6.41695392530573, 0.009399946538004517, 1.0841451728742346, 1.2695804395038794, 0.06395412477214797
-1.7487726411288262, -0.08898290224455252, 6.35663724144839, 0.009399946538004517, 1.0382664726569188, 1.258279662441112, 0.06395412477214797
-1.6487726411288262, -0.08257875612205545, 6.2963205575910495, 0.009399946538004517, 0.9964926205360387, 1.2499247002431801, 0.06395412477214797
-1.548772641128826, -0.07617460999955838, 6.236003873733709, 0.009399946538004517, 0.9545581831087748, 1.2452960079087518, 0.04590565636394853
-1.509363961479153, -0.07617460999955838, 6.236003873733709, -0.0005670374747175164, 0.9428792799165078, 1.2408445922864668, 0.050917977299333006
-1.4093639614791529, -0.06907006110547868, 6.1436310581488724, -0.0005670374747175164, 0.904847910392907, 1.2401187600795978, 0.07092631652069624
-1.3093639614791528, -0.06196551221139899, 6.051258242564036, -0.0005670374747175164, 0.8731522625508678, 1.242041647461634, 0.07092631652069624
-1.2093639614791527, -0.05486096331731929, 5.958885426979201, -0.0005670374747175164, 0.8424612730835817, 1.2478753111772147, 0.07092631652069624
-1.1093639614791526, -0.04775641442323959, 5.866512611394365, -0.0005670374747175164, 0.817233432688884, 1.2552749307824453, 0.07092631652069624
-1.0093639614791525, -0.04065186552915989, 5.774139795809528, -0.0005670374747175164, 0.7968098880628308, 1.2638622220276625, 0.035655655485754924
-0.9101939333279492, -0.04065186552915989, 5.774139795809528, -0.011804146762937473, 0.7855850669001664, 1.2669278789130458, 0.025807839682462193
-0.8101939333279492, -0.03551057587967819, 5.664878524083768, -0.011804146762937473, 0.7780017345615594, 1.2756411274009245, 0.05136766854151845
-0.7101939333279492, -0.03036928623019648, 5.555617252358008, -0.011804146762937473, 0.7683501370684523, 1.2837109476813624, 0.05136766854151847
-0.6101939333279492, -0.02522799658071477, 5.446355980632249, -0.011804146762937473, 0.7675924125096425, 1.2905828435254016, 0.05136766854151845
-0.5101939333279493, -0.020086706931233066, 5.337094708906489, -0.011804146762937473, 0.7676034492736531, 1.2960499778084216, 0.05136766854151843
-0.4101939333279493, -0.01494541728175136, 5.2278334371807285, -0.011804146762937473, 0.7717424633103351, 1.3002814339770037, 0.03351511694034454
-0.3568492647850705, -0.01494541728175136, 5.2278334371807285, 0.005680088881056721, 0.7779265938188087, 1.2994028340986172, 0.03649985769468123
-0.25684926478507053, -0.009345871835399255, 5.0792983394253355, 0.005680088881056721, 0.7873083138236887, 1.303581338888847, 0.0559370399061713
-0.15684926478507055, -0.00374632638904715, 4.930763241669943, 0.005680088881056721, 0.799751011713446, 1.3074277394345664, 0.0559370399061713
-0.056849264785070575, 0.0018532190573049556, 4.782228143914551, 0.005680088881056721, 0.8133087162822549, 1.311225622809584, 0.0559370399061713
0.0431507352149294, 0.007452764503657061, 4.633693046159158, 0.005680088881056721, 0.8337118883423184, 1.3153794295297359, 0.028682114426673507
0.13832497392758958, 0.007452764503657061, 4.633693046159158, 0.057671749831801566, 0.8580056993815667, 1.314690140287586, 0.04384651457657061
0.23832497392758958, 0.016015962940877204, 4.463862624173931, 0.057671749831801566, 0.88210452506315, 1.323755100652232, 0.08542359201704959
0.3383249739275896, 0.024579161378097347, 4.2940322021887045, 0.057671749831801566, 0.9101203603621041, 1.3344116005110778, 0.08542359201704958
0.4383249739275896, 0.03314235981531749, 4.124201780203477, 0.057671749831801566, 0.9444415794349401, 1.346738177849208, 0.08542359201704959
0.5383249739275896, 0.04170555825253763, 3.9543713582182503, 0.057671749831801566, 0.9837234943088555, 1.3593299928465374, 0.07064744975620706
0.5593335487438938, 0.04170555825253763, 3.9543713582182503, 0.15742976202481399, 0.9945987773621282, 1.36104516448412, 0.12327358037303798
0.6593335487438938, 0.05669874293452226, 3.743866873291385, 0.15742976202481399, 1.038549773124204, 1.3813376598120994, 0.14882329346626347
0.7593335487438938, 0.07169192761650689, 3.53336238836452, 0.15742976202481399, 1.0862287731077425, 1.3992445347889984, 0.14882329346626347
0.8593335487438938, 0.08668511229849152, 3.322857903437655, 0.15742976202481399, 1.1400994373570412, 1.3977222381030867, 0.10408010368122272
0.9028672913602003, 0.08668511229849152, 3.322857903437655, 0.2871466013324286, 1.1701658559777333, 1.3866053594862948, 0.2596070611042282
1.0028672913602004, 0.12480779483354104, 3.0308421303625206, 0.2871466013324286, 1.2169509657731692, 1.4009961191736235, 0.36421859795159495
1.1028672913602005, 0.16293047736859056, 2.7388263572873868, 0.2871466013324286, 1.2710459683047393, 1.4182670119334304, 0.19457113533346318
1.1963203540913891, 0.16293047736859056, 2.7388263572873868, 0.33913322130257, 1.347164576980708, 1.4016349969046416, 0.20888242137999144
1.2963203540913892, 0.20393756890124487, 2.4678990979073037, 0.33913322130257, 1.4095700255474495, 1.4290032842110605, 0.38915793952316613
1.3963203540913893, 0.24494466043389918, 2.19697183852722, 0.33913322130257, 1.477256267370019, 1.4613978654831254, 0.2838399508373327
1.436892122809613, 0.24494466043389918, 2.19697183852722, 0.4697014308396611, 1.5131300265203396, 1.4582052885439325, 0.5514966547894257
1.536892122809613, 0.3314196823762461, 1.7249297482710264, 0.4697014308396611, 1.5656510696699872, 1.5416189840436823, 0.4359576411868465
1.6225199549966245, 0.3314196823762461, 1.7249297482710264, 0.9051200082704235, 1.6445307767173827, 1.5442954731422769, 0.4647747062813181
1.7225199549966246, 0.42449527182727875, 1.3634987289343516, 0.9051200082704235, 1.7062259403103606, 1.6426471596087835, 0.6073931932857117
1.7564328588655918, 0.42449527182727875, 1.3634987289343516, 1.6634201092019465, 1.7384851411348312, 1.6449408726791797, 0.6896000899189296
1.842784708557911, 0.5236732853232111, 1.143155178330449, 2.568670851358819, 1.7944710971610596, 1.7522971530198195, 0.9881760175825693
1.8876752282288207, 0.6236732853232111, 1.0583452403626696, 2.568670851358819, 1.8171669662715804, 1.857321045465948, 1.1659204955276337
1.8876752282288207, 0.6284224470921085, 1.0583452403626696, 2.8261998291564945, 1.8163050854255518, 1.8620237870290193, 1.4704897269513408
1.898217641415741, 0.7284224470921085, 1.082886696981608, 2.8261998291564945, 1.8114301513856794, 1.9625204759607304, 1.4756985820645943
1.898217641415741, 0.7389467676242041, 1.082886696981608, 2.359423261641985, 1.8101395010401657, 1.9729453104200896, 1.7376591472200873
1.8796021483752074, 0.8389467676242041, 1.1898055126015061, 2.359423261641985, 1.7823250844979641, 1.8875352177289748, 1.734887977126503
1.8796021483752074, 0.8513724250086869, 1.1898055126015061, 1.703886906900858, 1.7815539238388252, 1.8757010738617512, 1.944312660671138
1.835540956288466, 0.9513724250086869, 1.3766632371866852, 1.703886906900858, 1.734437979769758, 1.7933627727185564, 1.9242858173277801
1.835540956288466, 0.970783331336821, 1.3766632371866852, 1.1895796755902415, 1.7344976026596217, 1.7748506718291772, 2.1246163469353148
1.7617004119295228, 1.0707833313368211, 1.6353821718798591, 1.1895796755902415, 1.6645714468089086, 1.7048271032126048, 2.076891217413378
1.7617004119295228, 1.1040110952700923, 1.6353821718798591, 0.5846284372654594, 1.667197279746934, 1.6738447685820002, 2.279674994665373
1.6474468420524933, 1.2040110952700924, 1.9994113907171687, 0.5846284372654594, 1.566140385788895, 1.6286768937784675, 2.451758153969438
1.5814576271140672, 1.2527218301320955, 1.9994113907171687, 0.3215059067074813, 1.5098429222287597, 1.6162609053246662, 2.440895488208953
1.4814576271140671, 1.3440198193860953, 2.3123709948441524, 0.3215059067074813, 1.4339166512582524, 1.582449173313608, 2.401652447873059
1.381457627114067, 1.4353178086400953, 2.625330598971136, 0.3215059067074813, 1.3667621142613606, 1.5098986330642206, 2.401652447873058
