-1.382856163619176293e+00,1.061250262910757636e+00,4.112000038403338387e+00,-3.054497458876872379e-02,2.067688620103637742e+00,2.352545924798262078e+00
-1.409320900248858033e+00,9.860225679325352877e-01,4.077677220389341883e+00,-8.979838910421408804e-03,2.128392842346282787e+00,2.374372848542590564e+00
-1.436112987173301603e+00,9.110350591615835603e-01,4.043354402375345380e+00,8.759256481832883301e-02,2.190373525855993542e+00,2.395541141046325428e+00
-1.462138772878799342e+00,8.365645575338883644e-01,4.009031584361348877e+00,2.463543217406716779e-01,2.252539251175689650e+00,2.415732888139062950e+00
-1.486304605851644922e+00,7.628878839854359439e-01,3.974708766347353261e+00,4.269418705604592912e-01,2.313741612415965765e+00,2.439325753508988726e+00
-1.507516834578127796e+00,6.902818594522224238e-01,3.940385948333356758e+00,6.428926463522393053e-01,2.372874762966376228e+00,2.466781444452819549e+00
-1.524681807544541190e+00,6.190233048702340479e-01,3.906063130319360255e+00,9.089600369608445973e-01,2.428875146344769309e+00,2.498465019869010373e+00
-1.536705873237177222e+00,5.493890411754569492e-01,3.871740312305363751e+00,1.237976355243840310e+00,2.480722176481610308e+00,2.534660792104708626e+00
-1.542495380142327122e+00,4.816558893038872524e-01,3.837417494291367692e+00,1.626258797975521642e+00,2.527440359781734536e+00,2.538565409363516157e+00
-1.540956676746283005e+00,4.161006701915110351e-01,3.803094676277371189e+00,1.979546016858010349e+00,2.568103321544123574e+00,2.524192153241125336e+00
-1.531095958797524137e+00,3.529782548908185769e-01,3.768771858263375130e+00,2.123298715605162368e+00,2.601929619436704311e+00,2.519731512322858968e+00
-1.512886915806505028e+00,2.923308258447897545e-01,3.734449040249378626e+00,2.031595247485659339e+00,2.628972114337160715e+00,2.520764747616935253e+00
-1.486846451181197182e+00,2.340811482835121193e-01,3.700126222235382123e+00,1.824183754732360718e+00,2.649675770503797434e+00,2.531562934317315605e+00
-1.453497492193753793e+00,1.781506631832789900e-01,3.665803404221386064e+00,1.581025870367500197e+00,2.664935436120915657e+00,2.551549968399380752e+00
-1.413362966116325614e+00,1.244608115203754140e-01,3.631480586207389560e+00,1.338539058124665448e+00,2.675389305787757355e+00,2.580116537961271383e+00
-1.366965800221061400e+00,7.293303427108660530e-02,3.597157768193393501e+00,1.117955866978601831e+00,2.681672340378066455e+00,2.616627272887016353e+00
-1.314828921780116566e+00,2.348877241170529984e-02,3.562834950179396998e+00,9.279351735760781317e-01,2.684413597057992984e+00,2.660428370259561248e+00
-1.257475258065640755e+00,-2.395053308148319474e-02,3.528512132165400494e+00,7.692738579283860956e-01,2.684013285462108822e+00,2.710677817071733831e+00
-1.195427736349782055e+00,-6.946344123219326538e-02,3.494189314151404435e+00,6.389120165132038398e-01,2.680988455030483664e+00,2.762975465776799755e+00
-1.129209283904697436e+00,-1.131285110641328390e-01,3.459866496137407932e+00,5.324423983652083470e-01,2.676222967920586893e+00,2.820817598577646024e+00
-1.059342828002535875e+00,-1.550243016010162678e-01,4.112000038403338387e+00,4.454004133062745008e-01,2.670286449297234466e+00,2.871250621390963875e+00
-9.863512959154444593e-01,-1.952293718665577826e-01,4.213808761307917372e+00,3.738040572569853448e-01,2.663077944754368875e+00,2.917280600640090871e+00
-9.107576149155820477e-01,-2.338222808844656331e-01,4.313193257889014198e+00,3.143016900066750718e-01,2.655707784995602783e+00,2.963618260826606399e+00
-8.330847122750962841e-01,-2.708815876784540500e-01,4.410315663062066349e+00,2.641409805086304408e-01,2.648244652145441691e+00,2.991207127487544692e+00
-7.538555152661344794e-01,-3.064858512722370421e-01,4.505321786373066573e+00,2.210694127718269286e-01,2.641183863503596019e+00,3.000873198046409840e+00
-6.735929511608556020e-01,-3.407136306895232614e-01,4.598343572172801430e+00,1.832167802485793751e-01,2.634638462665324088e+00,3.010437062101295247e+00
-5.928199472314036322e-01,-3.736434849540283265e-01,4.689501121654717331e+00,1.489784545612722610e-01,2.629121909962188308e+00,3.020155980699412712e+00
-5.120594307499373166e-01,-4.053539730894612503e-01,4.778904368493408938e+00,1.170619946559226521e-01,2.624542144833874158e+00,3.031296712932907589e+00
-4.318343289886039105e-01,-4.359236541195359305e-01,4.866654485997171875e+00,9.069284152235478069e-02,2.621027049195374214e+00,3.040439395838053560e+00
-3.526575036032864041e-01,-4.654298732687723317e-01,4.952845696878492632e+00,7.820419888930410512e-02,2.618768926636910077e+00,3.051149369558749047e+00
-2.747626060663999059e-01,-4.939163061793524490e-01,5.037563483393703301e+00,8.047948668451006260e-02,2.617648322522899917e+00,3.059564467683508315e+00
-1.980746856535680056e-01,-5.213894145675830316e-01,5.120885059077453505e+00,8.864198527095060176e-02,2.617423436426478123e+00,3.068805802741694677e+00
-1.225028291552021920e-01,-5.478537352550426620e-01,5.202884335471498645e+00,9.733334460873102612e-02,2.617877562202481911e+00,3.076938650128977937e+00
-4.795612336172527801e-02,-5.733138050633065363e-01,5.283625299265366948e+00,1.062185898679180729e-01,2.618823767766790933e+00,3.084908346446431526e+00
2.565634493645066461e-02,-5.977741608139530705e-01,5.363167476844939330e+00,1.152192308842128476e-01,2.620101759903354477e+00,3.092852118958335783e+00
9.842548894891398059e-02,-6.212393393285613463e-01,5.441565949744471276e+00,1.242457132657442676e-01,2.621574875857534792e+00,3.087483223472233362e+00
1.704422218852422177e-01,-6.437138774287063381e-01,5.518871699730515168e+00,1.331983624748158124e-01,2.623127265990660817e+00,3.052246818933721073e+00
2.417974569550264685e-01,-6.652023119359679049e-01,5.595132016982334200e+00,1.419688633416322510e-01,2.624661314089002939e+00,3.019559097099365541e+00
3.125821073678447526e-01,-6.857091796719212429e-01,5.670390859719073973e+00,1.504422928781214974e-01,2.626095328053920763e+00,2.989156407433010365e+00
3.828870863332850538e-01,-7.052390174581453230e-01,5.744689172260962984e+00,1.584996902725331058e-01,2.627361523188740389e+00,2.957014943812269259e+00
4.528033070609351896e-01,-7.237963621162181171e-01,5.818065167348128952e+00,1.660211080297132880e-01,2.628404312608207061e+00,2.927360297257428190e+00
5.224216827603729296e-01,-7.413857504677155985e-01,5.890490302679185497e+00,1.728890452814654810e-01,2.629178913897240122e+00,2.900205780108429110e+00
5.918331266411862579e-01,-7.580117193342161830e-01,5.958858455819750155e+00,1.789921223439245035e-01,2.629650277550922066e+00,2.875568719463408751e+00
6.611285519129630472e-01,-7.736788055372978423e-01,6.023229794369612478e+00,1.842288194292159009e-01,2.629792340514379045e+00,2.852357957993029824e+00
7.303988717852811785e-01,-7.883915458985371050e-01,6.083651486885038651e+00,1.885110770056788176e-01,2.629587606951064860e+00,2.828011644235355337e+00
7.997349994677285245e-01,-8.021544772395116096e-01,6.140158019972083103e+00,1.917675450702870377e-01,2.629027057899989472e+00,2.806179641555704762e+00
8.692278481698927362e-01,-8.149721363818001052e-01,6.192771244264536179e+00,1.939462766099993296e-01,2.628110391478000185e+00,2.786899931772913952e+00
9.389683311013520273e-01,-8.268490601469785650e-01,6.241500108305091388e+00,1.950166877915875396e-01,2.626846595508792515e+00,2.770214765512716504e+00
1.009047361471694160e+00,-8.377897853566250719e-01,6.286340001173435610e+00,1.948947410259753432e-01,2.625187452047373249e+00,2.753257772346883403e+00
1.079555852490507117e+00,-8.477988488323178196e-01,6.327271560962541841e+00,1.922421139053197836e-01,2.623208556327093266e+00,2.736731420043924778e+00
1.150581067056206885e+00,-8.568817940712271097e-01,6.364258696672732363e+00,1.852303024704524126e-01,2.620952567685719714e+00,2.722864880775604401e+00
1.222145145711332592e+00,-8.650621238850586536e-01,6.397213491429802446e+00,1.749138553599328960e-01,2.618462929966201447e+00,2.710506333086866615e+00
1.294214116561643202e+00,-8.723788156623701884e-01,6.426049546255504730e+00,1.639690988809044681e-01,2.615807131394038088e+00,2.696686901061475794e+00
1.366752171920712744e+00,-8.788713530628619042e-01,6.452162752350154129e+00,1.534818525949170342e-01,2.613052983576540811e+00,2.685210820988330749e+00
1.439723504102114138e+00,-8.845792197462341022e-01,6.477365357264610601e+00,1.434545946086754065e-01,2.610267433431216144e+00,2.671272377582256663e+00
1.513092305419410977e+00,-8.895418993721863066e-01,6.501711846128313432e+00,1.338559239765516329e-01,2.607516164962710103e+00,2.659990436657065693e+00
1.586822768186176846e+00,-8.937988756004184854e-01,6.524863167574149969e+00,1.246544234555659603e-01,2.604863206012751675e+00,2.647098604077307016e+00
1.660879084715985110e+00,-8.973896320906310509e-01,6.546574244135724641e+00,1.158188847678332523e-01,2.602295264191238910e+00,2.635513256190065157e+00
1.735225447322398917e+00,-9.003536525025236381e-01,6.566582935617248040e+00,1.073184632198120186e-01,2.599906037956876581e+00,2.626577057124188652e+00
1.809826048318992520e+00,-9.027304204957964373e-01,6.584596848456092388e+00,9.912277338492907208e-02,2.597774661464722801e+00,2.620002366337695232e+00
1.884645080019339058e+00,-9.045594197301493056e-01,6.600272070986876294e+00,9.120193575500128158e-02,2.595954709835680330e+00,2.610586674051827316e+00
1.959646734737001239e+00,-9.058801338652822110e-01,6.613171709032449108e+00,8.352658261438768161e-02,2.594496168083454180e+00,2.603786044298987967e+00
2.034795204785553313e+00,-9.067320465608951219e-01,6.613989351486721624e+00,7.606782990522825694e-02,2.593445125515423388e+00,2.599597639888652889e+00
2.110054682478568644e+00,-9.071546414766883393e-01,6.601717260275878019e+00,6.879722053163313256e-02,2.592621485924329505e+00,2.598006926925439775e+00
2.185389360129610381e+00,-9.071874022723612763e-01,6.586984376954476694e+00,6.168664338885609943e-02,2.592244895133474003e+00,2.598987639923949100e+00
2.260763430052255885e+00,-9.068698126076144561e-01,6.570267046472947570e+00,5.470823138675592195e-02,2.592340820918428879e+00,2.596617308590367657e+00
2.336141084560067860e+00,-9.062413561421475139e-01,6.551972527824716508e+00,4.783424084792721465e-02,2.592657876339949929e+00,2.596735329865217601e+00
2.411486515966620114e+00,-9.053415165356605288e-01,6.532480805538427582e+00,4.103691388509520671e-02,2.593439150797494541e+00,2.599310545362410796e+00
2.486763916585486012e+00,-9.042097774478535799e-01,6.512171432625922129e+00,3.429934997826466353e-02,2.594422464098013137e+00,2.604291404126081400e+00
2.561937478730229589e+00,-9.028856225384265244e-01,6.491447669285137501e+00,2.820487365397868554e-02,2.595608692811760765e+00,2.611615881149987217e+00
2.636971731683468434e+00,-9.014082803037472003e-01,6.470765958267024054e+00,2.421380924471626395e-02,2.596888554265507576e+00,2.617198713343912964e+00
2.711849563133642338e+00,-8.998030776902482542e-01,6.450682053999442722e+00,2.267455779110261194e-02,2.598074380658407456e+00,2.623229748237918546e+00
2.786581295543611336e+00,-8.980745671887592207e-01,6.431940714126064940e+00,2.216158894825334680e-02,2.598872137263749771e+00,2.631487330029476546e+00
2.861179495958403596e+00,-8.962256016234118050e-01,6.415725723469196673e+00,2.170312843903298566e-02,2.599131811313377671e+00,2.641937221957515014e+00
2.935656731423050836e+00,-8.942590338183383780e-01,6.408262106624170507e+00,2.122609719390904093e-02,2.598947243863023893e+00,2.653900195645963134e+00
3.010025568982571897e+00,-8.921777165976706447e-01,6.408890532492363512e+00,2.073110993206278216e-02,2.598208633744698570e+00,2.662977394977232848e+00
3.084298575682000276e+00,-8.899845027855408652e-01,6.435856685789945963e+00,2.021882730745781093e-02,2.597007420636845421e+00,2.674192337424184718e+00
3.158488318566356146e+00,-8.876822452060808555e-01,6.479247248751360821e+00,1.968995398435716485e-02,2.595375056257110735e+00,2.687509813623233601e+00
3.232607364680668560e+00,-8.852737966834224315e-01,6.533159023396850174e+00,1.914523650274269073e-02,2.593312237823448552e+00,2.701192620753201101e+00
3.306668281069969684e+00,-8.827620100416977422e-01,6.595261420874316549e+00,1.858546094484483588e-02,2.590752335201281564e+00,2.713126264355335771e+00
3.380683634779276581e+00,-8.801497381050387148e-01,6.657979695517197705e+00,1.801145041542372149e-02,2.587733679211523530e+00,2.727113510281958586e+00
3.454665992853621415e+00,-8.774398336975773871e-01,6.720159242676305489e+00,1.742406235047461519e-02,2.584286992672257366e+00,2.743119173426538548e+00
3.528627922338032796e+00,-8.746351496434456863e-01,6.781844542277056576e+00,1.682418566938912591e-02,2.580409509264264489e+00,2.756235360648832788e+00
3.602581990277531343e+00,-8.717385387667754282e-01,6.843076121353636410e+00,1.621273778742120947e-02,2.576097654527951697e+00,2.770869130456655949e+00
3.676540763717146554e+00,-8.687528538916989840e-01,6.903890962482278404e+00,1.559066150613942249e-02,2.571315461838390881e+00,2.787480092700719059e+00
3.750516809701909260e+00,-8.656809478423479476e-01,6.881630327741528497e+00,1.495892179981886567e-02,2.566011739677683146e+00,2.802990039215464524e+00
3.824522695276838302e+00,-8.625256734428543570e-01,6.782913226314129851e+00,1.431850251728454537e-02,2.560254209217486032e+00,2.818246972563366537e+00
3.898570987486964068e+00,-8.592898835173503613e-01,6.679273238438595328e+00,1.367040301862109709e-02,2.554082301901344110e+00,2.835444977008966028e+00
3.972674253377316500e+00,-8.559764308899677765e-01,6.571414769124337418e+00,1.322109567256350530e-02,2.547556680846831956e+00,2.853127997574813612e+00
4.046845059992915772e+00,-8.525881683848386405e-01,6.459899586288357476e+00,1.464440800257533863e-02,2.540738351216409452e+00,2.868985610361124650e+00
4.121093355223799826e+00,-8.491235362589810709e-01,6.345165498945466886e+00,1.983269488911016537e-02,2.533684200402833486e+00,2.886757112826464855e+00
4.195410336358128767e+00,-8.455493850814121970e-01,6.227538771617172841e+00,2.774731963158239001e-02,2.526420585636138139e+00,2.906443844767134799e+00
4.269779028236876606e+00,-8.418187970600545800e-01,6.107242515215757450e+00,3.629378065650908092e-02,2.518960753475924186e+00,2.926381827067146002e+00
4.344182421863235000e+00,-8.378847973953225114e-01,5.984402306522070170e+00,4.484449758535689889e-02,2.511318169734362282e+00,2.944951460674585242e+00
4.418603508240379618e+00,-8.337004112876310602e-01,5.859081585414278592e+00,5.341037009918479100e-02,2.503506546940008626e+00,2.965525040039448612e+00
4.493025278371498565e+00,-8.292186639373948509e-01,5.731287613748323295e+00,6.200411579143384061e-02,2.495539823963008441e+00,2.988104585174562011e+00
4.567430723259782610e+00,-8.243925805450280642e-01,5.599140293937679758e+00,7.063750859590363362e-02,2.487429785957083528e+00,3.012686729733701441e+00
4.641802833908409198e+00,-8.191751863109459908e-01,5.461586971767922627e+00,7.932124964641290576e-02,2.479013619058572981e+00,3.038873614242422860e+00
4.716124601320566434e+00,-8.135195064355629224e-01,5.320237280255502910e+00,8.806482448554940612e-02,2.470454110936641801e+00,3.062771830689059449e+00
4.790379016499443310e+00,-8.073785661192931506e-01,5.176537503860578759e+00,9.687634509905461433e-02,2.461765303165847740e+00,3.088731304649231291e+00
4.864549070448219048e+00,-8.007053905625521883e-01,5.031629859393029314e+00,1.057623756031347562e-01,2.452762404186842549e+00,3.108228542636014780e+00
4.938617754170079976e+00,-7.934530049657541051e-01,4.886478180786272496e+00,1.147277408522383996e-01,2.443564631304549373e+00,3.076692416531138896e+00
5.012568058668216864e+00,-7.855744345293134145e-01,4.741935711127924336e+00,1.237753177839341356e-01,2.434178226816753998e+00,3.047254103256829438e+00
5.086382974945807156e+00,-7.770227044536451855e-01,4.598796310320860670e+00,1.329058099966450024e-01,2.424403264921473511e+00,3.020020681947517716e+00
5.160045494006045175e+00,-7.677508399391633764e-01,4.457834845521537304e+00,1.421175068885084936e-01,2.414404967629716570e+00,2.995097720759013704e+00
5.233538606852104813e+00,-7.577118661862838334e-01,4.319840501155601586e+00,1.514060296858890653e-01,2.403869356725788720e+00,2.972588524456461379e+00
5.306845304487178616e+00,-7.468588083954204038e-01,4.185645576346241903e+00,1.607640678742368878e-01,2.392845296428101065e+00,2.952593340409041645e+00
5.379948577914452912e+00,-7.351446917669872683e-01,4.056151803214281593e+00,1.701811109157542745e-01,2.381282212541167009e+00,2.935208537215198810e+00
5.452831418137107811e+00,-7.225225415014002728e-01,3.932356331674468741e+00,1.795038871945049408e-01,2.368931993671844261e+00,2.920525773185959739e+00
5.525476816158330529e+00,-7.089453827990733759e-01,3.815380766045722627e+00,1.855083634840086759e-01,2.355787392634439037e+00,2.908631174530690089e+00
5.597868781090727275e+00,-6.943691521894586050e-01,3.706510572695059569e+00,1.821867520281065800e-01,2.341791128697900071e+00,2.895949965648213276e+00
5.670013630251155234e+00,-6.788135775016611584e-01,3.607263827763434350e+00,1.695091129649736461e-01,2.326895229715626012e+00,2.884653913145786674e+00
5.741939390270136556e+00,-6.623604653101700102e-01,3.519546023427008397e+00,1.534014772389363512e-01,2.311843526547616712e+00,2.876128768400596503e+00
5.813674986081678320e+00,-6.450941909281425746e-01,3.446138614905644104e+00,1.370369256808053882e-01,2.298238327500976563e+00,2.870309024055739400e+00
5.885249342619780499e+00,-6.270991296687384864e-01,3.397836835964259006e+00,1.205902096169901433e-01,2.285552752768281515e+00,2.867122503883261064e+00
5.956691384818454615e+00,-6.084596568451144938e-01,3.399447902119959508e+00,1.041032195730811072e-01,2.273067356694689956e+00,2.866490721694411548e+00
6.028030037611699754e+00,-5.892601477704310087e-01,3.454547067225770540e+00,8.760990844859994908e-02,2.260933711778823074e+00,2.868329338445917198e+00
6.099294225933521219e+00,-5.695849777578448903e-01,3.548211218594725658e+00,7.113725759891180445e-02,2.248963392501371228e+00,2.872548703885351884e+00
6.170512874717931417e+00,-5.495185221205137749e-01,3.662113219426522459e+00,5.470631741637932421e-02,2.237004906267457294e+00,2.879054467279570151e+00
6.241714908898927661e+00,-5.291451561715977414e-01,3.773550778076725010e+00,3.833328966932207649e-02,2.224560828798756162e+00,2.886281695266046388e+00
6.312929253410517028e+00,-5.085492552242540931e-01,3.882775280581756583e+00,2.203062681264307196e-02,2.210451856915087276e+00,2.891863410018691294e+00
6.384184833186710151e+00,-4.878151945916402998e-01,3.989943313126960600e+00,5.808130216086029168e-03,2.189464500226278254e+00,2.883253455016034028e+00
6.455510573161503451e+00,-4.670273495869164404e-01,4.095141365748799167e+00,-1.032596543542414758e-02,2.161809323666666671e+00,2.871932516171317396e+00
6.526935398268906674e+00,-4.462700955232398736e-01,4.198405506741115012e+00,-2.636393051387970338e-02,2.132636134225428304e+00,2.862429025438205432e+00
6.598488233442927786e+00,-4.256278077137680138e-01,4.299737059240441361e+00,-4.229750825080082210e-02,2.102854877768940423e+00,2.854678786352029096e+00
6.670198003617565874e+00,-4.051848614716609398e-01,4.399115163113219928e+00,-5.811691779820009340e-02,2.072728836845714628e+00,2.845632735247711764e+00
6.742093633726828905e+00,-3.850256321100760104e-01,4.496506967196499005e+00,-7.380989891538702885e-02,2.042842363776323555e+00,2.835821069815829709e+00
6.814204048704724848e+00,-3.652344949421705289e-01,4.591876070332105542e+00,-8.936080643866796402e-02,2.012994181503317215e+00,2.827526981837841458e+00
6.886558173485253675e+00,-3.458958252811047962e-01,4.685189713102027476e+00,-1.047497655784240395e-01,1.983758208918020793e+00,2.815705114493841865e+00
6.959184933002426021e+00,-3.270939984400351719e-01,4.615474704720084809e+00,-1.195261193711621289e-01,1.955348418182657477e+00,2.778092378195655687e+00
7.032113252190240082e+00,-3.089133897321217348e-01,4.479769288478757439e+00,-1.270552384008646063e-01,1.927969857924500374e+00,2.737781660963998664e+00
7.105368136312378624e+00,-2.914294621399078355e-01,4.355499680691909070e+00,-1.171018196599158540e-01,1.901836231424347101e+00,2.698236174274694754e+00
7.178917269569359938e+00,-2.745873451679737842e-01,4.248251594985998025e+00,-9.183588583665047711e-02,1.877039363414819695e+00,2.659565460231988698e+00
7.252684880191556438e+00,-2.582333605282266520e-01,4.170847118009895382e+00,-6.206084101925875979e-02,1.853595263543806659e+00,2.620366771789925053e+00
7.326594116589058459e+00,-2.422113746966153280e-01,4.143886325392400316e+00,-3.243413915299327849e-02,1.831669159756430743e+00,2.579026603662346151e+00
7.400568127171948341e+00,-2.263652541490895342e-01,4.145726289263426345e+00,-2.930084775976580635e-03,1.811249492308781184e+00,2.539093723991568297e+00
7.474530060350306648e+00,-2.105388653616010186e-01,4.185851370325482712e+00,2.659855261138052707e-02,1.792385746491165666e+00,2.500805620032139576e+00
7.548403064534217499e+00,-1.945760748100989757e-01,4.235976879176205578e+00,5.630004937364192774e-02,1.775226365549439578e+00,2.464406338297295385e+00
7.622110288133769451e+00,-1.783207489705331827e-01,4.294534154911517909e+00,8.631867872049092671e-02,1.759908518158845192e+00,2.426805161179418580e+00
7.695574879559036852e+00,-1.616167543188551936e-01,4.360767002868309206e+00,1.167893054250608575e-01,1.746487505041143917e+00,2.389282900473959970e+00
7.768719987220110035e+00,-1.443079573310136754e-01,4.434036456663538850e+00,1.478312750620258964e-01,1.734471297897516973e+00,2.354242728752628633e+00
7.841468759527066013e+00,-1.262382244829604871e-01,4.513760427055688140e+00,1.795412699864419870e-01,1.724626141081973207e+00,2.321950302104069053e+00
7.913744344889990678e+00,-1.072514222506451287e-01,4.599392725056780762e+00,2.119848517962863443e-01,1.716000427141644913e+00,2.292672984467867270e+00
7.985469891718971702e+00,-8.719141711001666961e-02,4.690055461325053798e+00,2.451864995171630091e-01,1.709435669587825890e+00,2.261409662023937450e+00
8.056568548424085208e+00,-6.590207553702734367e-02,4.779446756967032250e+00,2.791181051045967809e-01,1.703944611335952208e+00,2.232652387616288259e+00
8.126963463415417976e+00,-4.322726400762644944e-02,4.867664501382778397e+00,3.136861268874813757e-01,1.699969781846887518e+00,2.207549130519930625e+00
8.196577785103054126e+00,-1.901084899776298021e-02,4.954787426304311460e+00,3.487179491151470301e-01,1.697497946003576841e+00,2.186372892608008378e+00
8.265334661897073332e+00,6.903303016610528448e-03,5.040877900622949603e+00,3.839484626405466061e-01,1.695634406500240221e+00,2.166606357490614254e+00
8.333157242207560600e+00,3.467132555954493406e-02,5.125984365635333440e+00,4.190084536039613838e-01,1.694725559147605365e+00,2.147312620589684418e+00
8.399968674444604488e+00,6.444935215509157989e-02,5.210143457668603872e+00,4.534170056603833987e-01,1.694734887336476259e+00,2.132594872166790001e+00
8.465692107018275792e+00,9.639351632729732666e-02,5.293381858436683629e+00,4.863084181444615184e-01,1.695474788248582332e+00,2.119356903822619209e+00
8.530250688338668397e+00,1.306599516002133476e-01,5.375717908311038684e+00,5.110371314250802266e-01,1.696277651490936345e+00,2.106037194125243150e+00
8.593568852114714218e+00,1.673989224359981598e-01,5.457163013370829319e+00,5.168001683752544428e-01,1.697231388991304213e+00,2.092436515955132137e+00
8.655598278188900707e+00,2.066362792403321214e-01,5.537723524287412324e+00,5.051332841950805230e-01,1.698548891731529009e+00,2.078608296528777544e+00
8.716316664923866142e+00,2.482790640151196770e-01,5.617402226032567114e+00,4.877928698783248196e-01,1.700321967547730795e+00,2.068345006911957107e+00
8.775702750294820831e+00,2.922295715779646419e-01,5.604277616314368160e+00,4.705872514109238902e-01,1.702647224374296941e+00,2.063291681663265376e+00
8.833735272276976858e+00,3.383900967464769094e-01,5.466072856329177831e+00,4.539010140378191283e-01,1.705619958470531161e+00,2.061102494291778164e+00
8.890392968845549859e+00,3.866629343382668171e-01,5.323076676854366696e+00,4.378739083871971971e-01,1.708745736216348954e+00,2.059100642859558850e+00
8.945654577975748367e+00,4.369503791709372087e-01,5.177024156062310034e+00,4.226146781557886811e-01,1.712647629141195171e+00,2.062233031096294855e+00
8.999498837642786242e+00,4.891547260620987547e-01,5.029291108626942730e+00,4.082053171900512090e-01,1.717462896199489331e+00,2.070445854132521024e+00
9.051904485821875568e+00,5.431782698293616818e-01,4.881031870731189493e+00,3.947053681098564581e-01,1.723269347252860628e+00,2.083645078996065436e+00
9.102850260488223100e+00,5.989233052903287780e-01,4.733256792730577978e+00,3.821560507330498679e-01,1.730136853324586665e+00,2.098662641258546291e+00
9.152314899617049804e+00,6.562921272626104363e-01,4.586890505529966688e+00,3.705840874321729705e-01,1.738126250428618569e+00,2.114333177180143242e+00
9.200277141183560659e+00,7.151870305638174941e-01,4.442817692717603073e+00,3.600051547779016259e-01,1.747288382305659526e+00,2.134688107948934821e+00
9.246715723162973077e+00,7.755103100115519066e-01,4.301920418781078226e+00,3.504269370836917141e-01,1.757415649534031843e+00,2.151518445857715900e+00
9.291609383530493815e+00,8.371642604234277307e-01,4.165109599853510147e+00,3.418517898515103237e-01,1.768453594030366061e+00,2.159815947342858866e+00
9.334936860261334957e+00,9.000511766170465888e-01,4.033352400791247128e+00,3.342790422742597523e-01,1.780755887008140137e+00,2.172740897970192986e+00
9.376676891330710362e+00,9.640733534100195401e-01,3.907697077847119616e+00,3.277069805075544240e-01,1.794329020852007517e+00,2.190167305462655367e+00
9.416808214713837444e+00,1.029133085619957200e+00,3.789297320950801851e+00,3.221345597778497716e-01,1.809167238426377278e+00,2.211937469139019008e+00
9.455309568385919405e+00,1.095132668064461967e+00,3.679440527367478619e+00,3.175628955124151220e-01,1.825252632937806041e+00,2.237271211291457451e+00
9.492159690322171883e+00,1.161974395561144124e+00,3.579592023401961587e+00,3.139965830946948033e-01,1.842555421213921907e+00,2.260794632412671312e+00
9.527337318497805185e+00,1.229560562927614731e+00,3.491492155225998761e+00,3.118416593346694521e-01,1.861034372873582088e+00,2.271987932222369277e+00
9.560821190888034948e+00,1.297793464981476186e+00,3.417441933270487731e+00,3.129979681480030140e-01,1.880637373794170619e+00,2.243317075021513229e+00
9.592586821086525717e+00,1.366589387084293117e+00,3.363613939639208184e+00,3.186315052492258992e-01,1.900918532452803511e+00,2.218654662668612332e+00
9.622596671493337084e+00,1.435921243534233227e+00,3.358161737082533183e+00,3.267324338591446886e-01,1.922012963308038502e+00,2.198147056247663933e+00
9.650809902836643417e+00,1.505776274535030046e+00,3.376074750812779968e+00,3.352124177139435557e-01,1.943985234641332216e+00,2.181927874773484710e+00
9.677185675844421908e+00,1.576141720291290182e+00,3.430881368046927005e+00,3.436291109428684099e-01,1.966743954318298071e+00,2.170110841636615717e+00
9.701683151244647973e+00,1.647004821007620912e+00,3.499153618696424495e+00,3.519215434746411075e-01,1.990202346477254247e+00,2.162358739019344611e+00
9.724261489765302358e+00,1.718352816888626400e+00,3.575791513556854095e+00,3.600232797428139508e-01,2.014278656601189432e+00,2.152887673692106763e+00
9.744879852134364029e+00,1.790172948138917253e+00,3.658557662550034895e+00,3.678628699221684895e-01,2.038896477390477191e+00,2.148002034262720628e+00
9.763497399079803074e+00,1.862452454963098747e+00,3.745879915439422891e+00,3.753645209609760558e-01,2.063985006673554334e+00,2.147760073764165778e+00
9.780073291329603791e+00,1.935178577565775271e+00,3.836510729231593864e+00,3.824490030657802797e-01,2.089479248289749513e+00,2.152192940646551200e+00
9.794566689611739818e+00,2.008338556151556986e+00,3.929389597053593253e+00,3.890347982069490840e-01,2.114833546345525228e+00,2.161304349254560275e+00
9.806936754654184796e+00,2.081919630925049614e+00,4.023575453185125994e+00,3.950394854996068794e-01,2.140441800650954907e+00,2.175071141107058459e+00
9.817142647184924797e+00,2.155909042090859540e+00,4.118207035573196784e+00,4.003813442934939237e-01,2.166304491378572283e+00,2.193444701027140287e+00
9.825143527931931686e+00,2.230294029853591375e+00,4.212475220887497152e+00,4.049811401871847294e-01,2.192380976968623330e+00,2.214690424127896851e+00
9.830898557623182654e+00,2.305061834417855504e+00,4.305600277939928056e+00,4.087640429902730244e-01,2.218636866081468373e+00,2.235743290653489979e+00
9.834366896986653117e+00,2.380199695988256980e+00,4.396810297918683830e+00,4.116616101918160187e-01,2.245044067912078667e+00,2.261335521648377700e+00
9.835507706750325596e+00,2.455694854769402635e+00,4.485318160811416988e+00,4.136137563374468473e-01,2.271580835199983550e+00,2.291372570746041060e+00
9.834280147642173731e+00,2.531534550965897523e+00,4.570294325282636017e+00,4.145706194752166174e-01,2.297769397154241666e+00,2.325744265393664634e+00
9.830643380390176489e+00,2.607706024782351584e+00,4.650831603297858052e+00,4.144942319593775126e-01,2.323933248048616118e+00,2.364328227954646700e+00
9.824556565722307511e+00,2.684196516423368983e+00,4.725895219362090671e+00,4.133094630688234905e-01,2.350203764746115809e+00,2.406993304158427716e+00
9.815978864366549317e+00,2.760993266093556109e+00,4.794244539086784052e+00,4.100756337829924436e-01,2.376584883427775186e+00,2.453602854880475359e+00
9.804871034210307812e+00,2.838079378754288840e+00,4.854294113564073143e+00,4.042294266063918284e-01,2.403086481132434393e+00,2.504014215103418373e+00
9.791227538641852135e+00,2.915350691658087801e+00,4.903819102802765784e+00,3.978849463927079388e-01,2.429250044425503408e+00,2.521660453596719087e+00
9.775074944922181430e+00,2.992619921161859153e+00,4.924098489266455658e+00,3.935490571892101275e-01,2.455281563266551448e+00,2.467169358137927482e+00
9.756441096908082145e+00,3.069696478358189928e+00,4.897122114143873439e+00,3.919121045548155102e-01,2.481378237672761333e+00,2.415663782824177375e+00
9.735353838456337172e+00,3.146389774339669376e+00,4.879604369410851739e+00,3.929140306414573014e-01,2.507487874249358928e+00,2.367511093556639246e+00
9.711841013423729407e+00,3.222509220198882751e+00,4.871800577902580365e+00,3.965112263421831651e-01,2.532827424423415685e+00,2.323077395583664106e+00
9.685930465667050626e+00,3.297864227028416195e+00,4.867303657821471674e+00,4.026981785799197966e-01,2.557973893356684236e+00,2.282721832575787424e+00
9.657650039043080170e+00,3.372264205920858959e+00,4.867025698905955267e+00,4.115039156503039197e-01,2.582902033353693838e+00,2.246789940814263531e+00
9.627027577408606263e+00,3.445518567968797186e+00,4.870940214729137629e+00,4.229882643909139706e-01,2.606669454188471402e+00,2.215606231027015038e+00
9.594090924620411798e+00,3.517436724264817016e+00,4.878984225887509574e+00,4.372374822685585749e-01,2.629986736694543303e+00,2.189466296370178533e+00
9.558867924535283223e+00,3.587828085901505037e+00,4.891032285895783538e+00,4.543586960051226309e-01,2.652262813046949663e+00,2.168628871286088167e+00
9.521386421010005208e+00,3.656502063971450500e+00,4.906962075499368581e+00,4.744724186818636835e-01,2.673420012472363272e+00,2.153308370140461392e+00
9.481674257901362424e+00,3.723268069567238658e+00,4.926642698748290528e+00,4.977022325917182521e-01,2.693374635604909084e+00,2.143668491426834688e+00
9.439759279066143094e+00,3.787935513781455210e+00,4.949936161671402601e+00,5.241605317098754213e-01,2.711769558825224191e+00,2.139817460929400728e+00
9.395669328361124784e+00,3.850313807706690739e+00,4.976698542672670200e+00,5.539290538397492192e-01,2.728579660114991867e+00,2.141805394035867671e+00
9.349432249643101045e+00,3.910212362435530054e+00,5.006781125009015732e+00,5.870328713160867240e-01,2.743568751424557028e+00,2.149624088142322087e+00
9.301075886768851220e+00,3.967440589060560185e+00,5.040031498280198363e+00,6.234066734363169493e-01,2.756424351177301002e+00,2.163209333409910951e+00
9.250628083595167084e+00,4.021807898674366832e+00,5.076294608530477426e+00,6.628527483487862693e-01,2.767332727635134493e+00,2.182445590368915500e+00
9.198116683978824426e+00,4.073123702369539245e+00,5.115413746019785712e+00,7.049913010084614129e-01,2.775440964747859063e+00,2.207172667080557371e+00
9.143569531776615023e+00,4.121197411238664898e+00,5.157231457573877798e+00,7.492058903504026368e-01,2.781266404838667050e+00,2.237193871719668437e+00
9.087014470845319991e+00,4.165838436374328602e+00,5.201590374240248948e+00,7.945900062345845338e-01,2.784158634551955114e+00,2.272285038784419786e+00
9.028479345041727555e+00,4.206856188869116941e+00,5.248333950237730861e+00,8.376337093435249903e-01,2.784080847452744756e+00,2.312203830746002442e+00
8.967991998222622385e+00,4.244060079815619169e+00,5.297307108800408670e+00,8.606606133747074505e-01,2.781112185224383637e+00,2.356698787964953024e+00
8.905589641985118377e+00,4.277308496266593707e+00,5.348513358355400094e+00,8.434423261897190383e-01,2.774447650309640689e+00,2.405493899308572825e+00
8.841362435772083472e+00,4.306736644603002873e+00,5.401502872677530931e+00,7.946836116653508419e-01,2.764965262387797384e+00,2.458193443829328473e+00
8.775419122297401842e+00,4.332576887351197392e+00,5.430753000434873634e+00,7.347085749752553241e-01,2.752416869104327368e+00,2.514390427548574891e+00
8.707868464458769608e+00,4.355061692561499775e+00,5.379664831361005817e+00,6.712066233685288763e-01,2.737214431376352675e+00,2.573715372123059009e+00
8.638819225153877568e+00,4.374423528284232532e+00,5.325014929096596461e+00,6.066059272556694193e-01,2.719809097025879918e+00,2.635833285633116585e+00
8.568380167280416515e+00,4.390894862569716395e+00,5.267246394338836346e+00,5.427552349518486308e-01,2.699911807853931478e+00,2.657648173667678471e+00
8.496660053736080798e+00,4.404708163468275650e+00,5.206884198391996676e+00,4.809403831679477381e-01,2.678553564764254880e+00,2.672373869007515612e+00
8.423767647418557658e+00,4.416095899030232808e+00,5.144402698600744728e+00,4.219542738796041026e-01,2.655193686411430054e+00,2.691697059266711101e+00
8.349811711225544997e+00,4.425290537305908600e+00,5.080242937478982590e+00,3.661918479457876296e-01,2.630840550306398740e+00,2.715326896031866166e+00
8.274901008054730056e+00,4.432524546345628202e+00,5.014825729694321055e+00,3.137468934265548737e-01,2.605325252292640226e+00,2.742959688516454886e+00
8.199144300803805407e+00,4.438030394199711459e+00,4.948562434663489107e+00,2.644977496568466369e-01,2.579177882987614190e+00,2.774281855656433926e+00
8.122650352370465399e+00,4.442040548918480880e+00,4.881864692577016385e+00,2.181766113097988735e-01,2.552688712206985233e+00,2.808972825713888177e+00
8.045527925652402601e+00,4.444787478552262527e+00,4.815154191647896376e+00,1.744218950729664319e-01,2.526010733251269347e+00,2.846707772303513462e+00
7.967885783547303369e+00,4.446503651151375358e+00,4.748873623738051997e+00,1.328155894407048454e-01,2.499770798940768035e+00,2.887160107078199367e+00
7.889832688952863826e+00,4.447421534766141882e+00,4.683500420523394325e+00,9.290845040759058981e-02,2.473841168306566196e+00,2.930003679980071940e+00
7.811477404766776544e+00,4.447773597446887273e+00,4.619565877559929312e+00,5.423599883062773380e-02,2.449098947695022233e+00,2.974914665303594052e+00
7.732928693886731430e+00,4.447792307243931376e+00,4.557684493957465222e+00,1.632798105246136694e-02,2.425104694955615869e+00,3.021573134253341397e+00
7.654295319210419279e+00,4.447710132207598477e+00,4.498603483126064617e+00,-2.128225333886694937e-02,2.403053037093652478e+00,3.069664331621158926e+00
7.575686043635533551e+00,4.447759540388210198e+00,4.443295636951211769e+00,-5.780684674498324377e-02,2.382202454795899982e+00,3.118879685816850600e+00
7.497209574361447082e+00,4.448172896135332621e+00,4.393159287725264761e+00,-8.937711704668933888e-02,2.363772709877581590e+00,3.151485868497494014e+00
7.418958048827307472e+00,4.449151713736794633e+00,4.350678740288895341e+00,-1.138813633200071312e-01,2.347435456681562727e+00,3.170621891116173430e+00
7.340983966869761623e+00,4.450823709038648879e+00,4.326141289266021595e+00,-1.350796312162136636e-01,2.333538164295811068e+00,3.188118985443046949e+00
7.263334025592896204e+00,4.453305794190630884e+00,4.328987092455330199e+00,-1.564913253451701847e-01,2.322454280065603616e+00,3.204100073449083652e+00
7.186054922100803211e+00,4.456714881342477064e+00,4.367965898944461856e+00,-1.786358025357049351e-01,2.313631790991138359e+00,3.220882912421621391e+00
7.109193353497574641e+00,4.461167882643920279e+00,4.429083189578953750e+00,-2.015729061945107925e-01,2.307940086485476883e+00,3.238305949710702070e+00
7.032796016887298940e+00,4.466781710244698722e+00,4.503334434044433010e+00,-2.253452171856294983e-01,2.305065795598459033e+00,3.256207954226239654e+00
6.956909609374071657e+00,4.473673276294546142e+00,4.587812185192222003e+00,-2.499728741620016181e-01,2.305091413893289420e+00,3.274428739969629021e+00
6.881580828061979460e+00,4.481959492943199841e+00,4.677843814371676956e+00,-2.754474242175475873e-01,2.308468547468603749e+00,3.292809833976050093e+00
6.806856370055113459e+00,4.491757272340394458e+00,4.766447747495353937e+00,-3.017247458898428825e-01,2.314767983958034847e+00,3.311195091371261334e+00
6.732782932457566538e+00,4.503183526635863743e+00,4.853729662812266810e+00,-3.287172083866496952e-01,2.324328233856189030e+00,3.329431261960003496e+00
6.659407212373428031e+00,4.516355167979346774e+00,4.939772286940134371e+00,-3.562854021879348076e-01,2.337376451816163936e+00,3.347368514136265460e+00
6.586775906906788158e+00,4.531389108520576414e+00,5.024639181120591047e+00,-3.842299993583934148e-01,2.353492464596779410e+00,3.364860922975566826e+00
6.514935713161740694e+00,4.548402260409289077e+00,5.108378046865212241e+00,-4.122845691977817806e-01,2.373009063190069767e+00,3.381766930182886544e+00
6.443933328242374081e+00,4.567511535795220290e+00,5.191023613193168629e+00,-4.401104619175170152e-01,2.396073386584305354e+00,3.397949784178474708e+00
6.373815449252779430e+00,4.588833846828104690e+00,5.272600161001266272e+00,-4.672951327961972767e-01,2.422347886753113411e+00,3.413277969059861583e+00
6.304628773297047850e+00,4.612486105657679580e+00,5.353123734657856403e+00,-4.933554387665333163e-01,2.452017822391595381e+00,3.427625631532722927e+00
6.236419997479270450e+00,4.638585224433679599e+00,5.432604086106768371e+00,-5.177474035725526669e-01,2.485241831005780444e+00,3.440873015202680296e+00
6.169235818903539226e+00,4.667248115305839384e+00,5.511046392344633560e+00,-5.398836150820096602e-01,2.521794094309561363e+00,3.452906911906753251e+00
6.103122934673942623e+00,4.698591690423895351e+00,5.588452782969142163e+00,-5.583785177516257248e-01,2.561673451781472544e+00,3.463621140073740001e+00
6.038128041894571751e+00,4.732732861937583912e+00,5.664823710293910075e+00,-5.592743667036569333e-01,2.605091956326563984e+00,3.469091366148794098e+00
5.974291925948772786e+00,4.769772764222528494e+00,5.740159191203144218e+00,-5.216443732799026511e-01,2.651918343716420878e+00,3.472571614358714420e+00
5.911558120344325040e+00,4.809552976409829483e+00,5.814459991289417040e+00,-4.517617678425877026e-01,2.701743921549756511e+00,3.474734063094295777e+00
5.849790524219907084e+00,4.851702541697187954e+00,5.887731266409603315e+00,-3.742931753163398767e-01,2.754393840155177742e+00,3.475995884829309546e+00
5.788850692672482978e+00,4.895844247276283312e+00,5.959970132937043807e+00,-3.000088584934509917e-01,2.809411651157532219e+00,3.476777041628642539e+00
5.728600180799021224e+00,4.941600880338791413e+00,6.031191749102498001e+00,-2.289807697615261484e-01,2.866122332785076665e+00,3.477491863217027301e+00
5.668900543696484995e+00,4.988595228076393440e+00,6.101453352739651059e+00,-1.606542692806248451e-01,2.924361594121879016e+00,3.478547124779161503e+00
5.609613336461840127e+00,5.036450077680768800e+00,6.170795883195466125e+00,-9.425734203156624358e-02,2.983708879048303064e+00,3.480340106377457055e+00
5.550600114192053347e+00,5.084788216343591571e+00,6.239258945420655955e+00,-2.888272446015536718e-02,3.043733033452601600e+00,3.483256670357835372e+00
5.491722431984088715e+00,5.133232431256543826e+00,6.306878682978615203e+00,3.645479714228330725e-02,3.104006192277252385e+00,3.487669404444172727e+00
5.432841844934912956e+00,5.181405509611304083e+00,6.373688060470573014e+00,1.027754778277866071e-01,3.164103331974934541e+00,3.493935888109091614e+00
5.373819908141491020e+00,5.228930238599548197e+00,6.439717345890599631e+00,1.710952275612789841e-01,3.223602003834327157e+00,3.502397147392226628e+00
5.314518176700790519e+00,5.275429405412955575e+00,6.504994559316205738e+00,2.423784131585700052e-01,3.281455179557991819e+00,3.513376367730692174e+00
5.254798205709775516e+00,5.320525797243204735e+00,6.569545891380342617e+00,3.174706820522962269e-01,3.329982181563589272e+00,3.527177934776100532e+00
5.194521550265410959e+00,5.363842201281975086e+00,6.633396094644363750e+00,3.969988426505856594e-01,3.374743339310104506e+00,3.544086869023964415e+00
5.133549765464665349e+00,5.405001404720942482e+00,6.696568850580297827e+00,4.812254081610845002e-01,3.416131326501012033e+00,3.564368711138574231e+00
5.071744406404500083e+00,5.443626194751788994e+00,6.759087114479769731e+00,5.698499935688338125e-01,3.454120466308363113e+00,3.588269901306392562e+00
5.008967028181882775e+00,5.479339358566191365e+00,6.820973440277526834e+00,6.617624781577303716e-01,3.488627291474321712e+00,3.616018678436808909e+00
4.945079185893781037e+00,5.511763683355827226e+00,6.882250286939070705e+00,7.528530454421621387e-01,3.519396159056428441e+00,3.647826504616716203e+00
4.879942434637158932e+00,5.540521956312374208e+00,6.942940307766003016e+00,8.183124890060184953e-01,3.546150513868041365e+00,3.634901282425741620e+00
4.813432244376778968e+00,5.565273817673376477e+00,7.003066623540331825e+00,8.251327454476874435e-01,3.568669267216328489e+00,3.587157059445218454e+00
4.745561736858384450e+00,5.586043473655078806e+00,7.062653079863953742e+00,7.825134000327653716e-01,3.587031122498970603e+00,3.543441826618550561e+00
4.676422590542639313e+00,5.603063185214873343e+00,7.121724487490994626e+00,7.233674443969256851e-01,3.601412085477509351e+00,3.503726539761387926e+00
4.606107401107815136e+00,5.616567642529252780e+00,7.176366843247677707e+00,6.615264170525226861e-01,3.611903473892781324e+00,3.467193766108040975e+00
4.534708764232183498e+00,5.626791535774708031e+00,7.196258756511325849e+00,5.992717387832436904e-01,3.618699953178165618e+00,3.431629383795028687e+00
4.462319275594018642e+00,5.633969555127729123e+00,7.197495567880765499e+00,5.382050727358974607e-01,3.621815856533087352e+00,3.399754685064701576e+00
4.389031530871593034e+00,5.638336390764806971e+00,7.216617293315227499e+00,4.794086683268851679e-01,3.621329085715759621e+00,3.371525859055835905e+00
4.314938125743179143e+00,5.640126732862433379e+00,7.252591732917836431e+00,4.235215668335719497e-01,3.617224386583397511e+00,3.346886990490895553e+00
4.240131655887047657e+00,5.639575271597099260e+00,7.297575212708133918e+00,3.708312593270519097e-01,3.609329989915576853e+00,3.325768015055607485e+00
4.164704716981472821e+00,5.636916697145294641e+00,7.349327411459163351e+00,3.213623839279216021e-01,3.597434189757136025e+00,3.308082986728031027e+00
4.088749904704727989e+00,5.632385699683511326e+00,7.406402464771482563e+00,2.749528435975813756e-01,3.581123026627006656e+00,3.293728701357142796e+00
4.012359814735083852e+00,5.626216969388241118e+00,7.463094046670204484e+00,2.313139357432053012e-01,3.560928094909910691e+00,3.282583707903560022e+00
3.935627042750813764e+00,5.618645196435974931e+00,7.519408416460058753e+00,1.900747659494796682e-01,3.538400209358405935e+00,3.274507723884808819e+00
3.858644184430189306e+00,5.609905071003200128e+00,7.575350491464214464e+00,1.508130002426726624e-01,3.514306585226917967e+00,3.267199080615757367e+00
3.781503835451485163e+00,5.600231283266412952e+00,7.630923977480200904e+00,1.130745908921532289e-01,3.489119239991242072e+00,3.259950152891331054e+00
3.704298591492971582e+00,5.589858523402099877e+00,7.686131491561518203e+00,7.638504364459010321e-02,3.463309643079732325e+00,3.255218364402827191e+00
3.627121048232923251e+00,5.579021481586756259e+00,7.740974677579826491e+00,4.025445001045374616e-02,3.437348468200836393e+00,3.252808864564048719e+00
3.550063801349609527e+00,5.567954847996869461e+00,7.795454315023573777e+00,4.191647170527671579e-03,3.411360069523424077e+00,3.252509329188005616e+00
3.473219446521306875e+00,5.556893312808932173e+00,7.849570421486956384e+00,-2.886641205983097452e-02,3.385914189494274584e+00,3.254091106921471965e+00
3.396680467618918176e+00,5.546071219417718190e+00,7.903322349298916194e+00,-4.772597784827716655e-02,3.361249250685495404e+00,3.255375434561934345e+00
3.320511119812698642e+00,5.535635357083450891e+00,7.956708876735860692e+00,-4.612277920095929351e-02,3.337484331293440576e+00,3.255229541442492547e+00
3.244710293830315173e+00,5.525529780719049988e+00,8.009728294253910974e+00,-3.381331683991393305e-02,3.314735342259827355e+00,3.256608201864622298e+00
3.169267654733433748e+00,5.515669930912887153e+00,8.062378486167233405e+00,-1.996280226659975787e-02,3.292949469602628465e+00,3.258598058566001487e+00
3.094172867583725672e+00,5.505971248253334061e+00,8.114657006484730317e+00,-5.750467876864095648e-03,3.272073971627571520e+00,3.258407796051590921e+00
3.019415597442857813e+00,5.496349173328765048e+00,8.166560802717702572e+00,8.796503429949427411e-03,3.252056229404811205e+00,3.259807392104418611e+00
2.944985509372500587e+00,5.486719146727553564e+00,8.218087473736067849e+00,2.364912263199840312e-02,3.232843800461992156e+00,3.258387934642513528e+00
2.870872268434322194e+00,5.476996609038073061e+00,8.269239793517916937e+00,3.877590208748768474e-02,3.214384475616223646e+00,3.258824466342339132e+00
2.797065539689992608e+00,5.467097000848694321e+00,8.320028625318178328e+00,5.414209829829461085e-02,3.196626338890323105e+00,3.261178749792603693e+00
2.723554988201180027e+00,5.456935762747792573e+00,8.370469448930304424e+00,6.970890924765840713e-02,3.179517830487332386e+00,3.265511131958305224e+00
2.650330279029552649e+00,5.446428335323739489e+00,8.420577079889081773e+00,8.543265052142512417e-02,3.163007812831221344e+00,3.270155923961472588e+00
2.577381077236781337e+00,5.435490159164909407e+00,8.470365825387593972e+00,1.012639401005097917e-01,3.147045639720942312e+00,3.274051001623528911e+00
2.504697047884532513e+00,5.424036674859674001e+00,8.519849628882825598e+00,1.171469280352342851e-01,3.131507692969688783e+00,3.280131811348138804e+00
2.432267856034478370e+00,5.411983322996407608e+00,8.569042085938106013e+00,1.330186138997427325e-01,3.116278401228079087e+00,3.288458104896019751e+00
2.360083166748284444e+00,5.399245544163481902e+00,8.617956459053017326e+00,1.488083015066306580e-01,3.101414438366608017e+00,3.299087028661164656e+00
2.288132645087622929e+00,5.385738778949271222e+00,8.666605691494158492e+00,1.644372461582302436e-01,3.086830455288970043e+00,3.312072920432802992e+00
2.216405956114160691e+00,5.371378467942147239e+00,8.715002420039850151e+00,1.798185538342614298e-01,3.072406451456573873e+00,3.327467151265441903e+00
2.144892764889566816e+00,5.356080051730485181e+00,8.763158986201149858e+00,1.948573930854419767e-01,3.058017792753306985e+00,3.345318015393980104e+00
2.073582736475510835e+00,5.339758970902655832e+00,8.811087443758351512e+00,2.094515778248355053e-01,3.043486580348472970e+00,3.362963091464024945e+00
2.002465535933661389e+00,5.322330666047033532e+00,8.858799545197932446e+00,2.232576684432161784e-01,3.028746415251846180e+00,3.381633527880395285e+00
1.931530828325688232e+00,5.303710577751990840e+00,8.873769557601180580e+00,2.336470385233981872e-01,3.013698527638590807e+00,3.390741291204976360e+00
1.860770619513187896e+00,5.283819945851692346e+00,8.792297502981025303e+00,2.374723946283260334e-01,2.998214072326862656e+00,3.317754445216902770e+00
1.790200302889028316e+00,5.262637951929474589e+00,8.709956644300707040e+00,2.364011316830589293e-01,2.982097366925493542e+00,3.244784007169686735e+00
1.719848723169885796e+00,5.240177102729035141e+00,8.626703876143389849e+00,2.342044412492633731e-01,2.965361223928879575e+00,3.171874675276446176e+00
1.649744885978572828e+00,5.216450303633112462e+00,8.542490528382517212e+00,2.322015877218718272e-01,2.947954268939148470e+00,3.099074221998838752e+00
1.579917796937904573e+00,5.191470460024449451e+00,8.457246727594819546e+00,2.304056521368643973e-01,2.929588783042637701e+00,3.026433570993235733e+00
1.510396461670692414e+00,5.165250477285783681e+00,8.371163433402337262e+00,2.288144032523024562e-01,2.910195811664546550e+00,2.954007132706258698e+00
1.441209885799751511e+00,5.137803260799856275e+00,8.284706293563713686e+00,2.274256371049788727e-01,2.889427270769230116e+00,2.881853181671987674e+00
1.372387074947893026e+00,5.109141715949405693e+00,8.198186163447674701e+00,2.262372012144672762e-01,2.866964466711308557e+00,2.810034280013567809e+00
1.303957034737932563e+00,5.079278748117171283e+00,8.111746117748781515e+00,2.252470135295721043e-01,2.842549975324494937e+00,2.738617751845557446e+00
1.235948770792681062e+00,5.048227262685895056e+00,8.025556206384127478e+00,2.244530765009348228e-01,2.816322177950494332e+00,2.667676213326393153e+00
1.168391288734953681e+00,5.016000165038314584e+00,7.939788774580045505e+00,2.238534866090300668e-01,2.788534587916451368e+00,2.597288162942820833e+00
1.101313594187563139e+00,4.982610360557170104e+00,7.854621061356887424e+00,2.234464396260016361e-01,2.759381913967528632e+00,2.527538636108888515e+00
1.034744692773321928e+00,4.948070754625200962e+00,7.770238716964052550e+00,2.232302318338358627e-01,2.728957306560817031e+00,2.458519927180405684e+00
9.687135901150443207e-01,4.912394252625148283e+00,7.686839678402946241e+00,2.232032573719890944e-01,2.697483469410939083e+00,2.390332380319772909e+00
9.032492918355424782e-01,4.875593759939750527e+00,7.604638626500527465e+00,2.233640018402643090e-01,2.664989651171238538e+00,2.323085248031737660e+00
8.383808035576311157e-01,4.837682181951747040e+00,7.523872327137957505e+00,2.237110322358025760e-01,2.631372581680847311e+00,2.256897612290130528e+00
7.741371309041220616e-01,4.798672424043877172e+00,7.444806291093850170e+00,2.242429832606455953e-01,2.596889525572890101e+00,2.191899357569922380e+00
7.105472794978300310e-01,4.758577391598883821e+00,7.367743408636932223e+00,2.249585399949098619e-01,2.561598702108539349e+00,2.128232177288985394e+00
6.476402549615666304e-01,4.717409989999503672e+00,7.293035602125112149e+00,2.258564168959444063e-01,2.525563688556711206e+00,2.066050584589060435e+00
5.854450629181470189e-01,4.675183124628476072e+00,7.221100246277302404e+00,2.269353330533323831e-01,2.488854128170877367e+00,2.005522884473132539e+00
5.239907089903832471e-01,4.631909700868543034e+00,7.152444480316915154e+00,2.281938364270469921e-01,2.451546627535294842e+00,1.946832046580652786e+00
4.633061988010883647e-01,4.587602624102442128e+00,7.087703428679932749e+00,2.295251912466689248e-01,2.413725861885075652e+00,1.890176396096685751e+00
4.034205333496602153e-01,4.542274800488318220e+00,7.027705113152222793e+00,2.305140673745822155e-01,2.375485909745579605e+00,1.835770010075983505e+00
3.443594660330893120e-01,4.495939680846659847e+00,6.973604853681210969e+00,2.308655717024290788e-01,2.336932785616309349e+00,1.783839404325026967e+00
2.861398163846626819e-01,4.448612214315356361e+00,6.927513481271815543e+00,2.308827308179845772e-01,2.298188206198959804e+00,1.734617157792485154e+00
2.287768810573456157e-01,4.400307605437811631e+00,6.889876093834443438e+00,2.309053580924274596e-01,2.259171484381137684e+00,1.688348123408896617e+00
1.722859567041034323e-01,4.351041058757432189e+00,6.854835723500088740e+00,2.309853211045924115e-01,2.220121386003994335e+00,1.645288800082264524e+00
1.166823399779013809e-01,4.300827778817621905e+00,6.817387529087740816e+00,2.311232604291370007e-01,2.181259397586030158e+00,1.605704069456115990e+00
6.198132753170495363e-02,4.249682970161786422e+00,6.776584840802882148e+00,2.313196339036425186e-01,2.142609331036344766e+00,1.569862692580506369e+00
8.198216018479264483e-03,4.197621837333330497e+00,6.731327862052935984e+00,2.315747156672800788e-01,2.104079121116469775e+00,1.537549302328504064e+00
-4.465169790881035050e-02,4.144659584875658886e+00,6.680776726563924406e+00,2.318885946121995445e-01,2.066240404918412654e+00,1.501929618477056527e+00
-9.655311759719822917e-02,4.090811417332176347e+00,6.624353601997966301e+00,2.322611722372177334e-01,2.028515501914140984e+00,1.470457015970568770e+00
-1.474907463937196739e-01,4.036092539246288524e+00,6.561686069297663515e+00,2.326921599010298436e-01,1.991752336740619134e+00,1.443407728207860563e+00
-1.974492876454089774e-01,3.980518155161400617e+00,6.492552448538025267e+00,2.331810754809539032e-01,1.955333470274446039e+00,1.421038405789342152e+00
-2.464134446993010152e-01,3.924103469620916051e+00,6.416836283587692868e+00,2.337272394537937836e-01,1.919896173557964270e+00,1.403575936969646554e+00
-2.943679209024303578e-01,3.866863687168241803e+00,6.334489941334527252e+00,2.343297704235302870e-01,1.885405328298928929e+00,1.391207277593223157e+00
-3.412974196018316864e-01,3.808814012346781741e+00,6.245505340228022284e+00,2.349875801305222889e-01,1.851589863742805209e+00,1.384070223987038384e+00
-3.871866441445396823e-01,3.749969649699941510e+00,6.149889826711956609e+00,2.356993679887630089e-01,1.819026367633550301e+00,1.382246113977881219e+00
-4.320202978775888880e-01,3.690345803771124977e+00,6.047645676107484825e+00,2.364636152079263864e-01,1.787787360831248673e+00,1.385755320940693203e+00
-4.757830841480143458e-01,3.629957679103738677e+00,5.938752115390117048e+00,2.372785785684315141e-01,1.757363059136083150e+00,1.394556111000937459e+00
-5.184597063028505426e-01,3.568820480241186033e+00,5.823149037973443853e+00,2.381422839305958050e-01,1.728335510593094426e+00,1.408547013666219705e+00
-5.600348676891323541e-01,3.506949411726873578e+00,5.700721709248028013e+00,2.390525195718038454e-01,1.700843089291899091e+00,1.424403695264117697e+00
-6.004932716538941007e-01,3.444359678104204736e+00,5.571285769441031377e+00,2.400068294585301076e-01,1.674963259836444118e+00,1.436762440068721780e+00
-6.398196215441708246e-01,3.381066483916585153e+00,5.434571742085381629e+00,2.409286339053041959e-01,1.650521693574898530e+00,1.454131826644628811e+00
-6.779986207069970128e-01,3.317085033707420916e+00,5.290193586272359916e+00,2.409869177937014051e-01,1.627499668914236697e+00,1.476333376344880044e+00
-7.150165180145611199e-01,3.252431148003405159e+00,5.137496409508856665e+00,2.390442565817315346e-01,1.606307876095302900e+00,1.503149372211671553e+00
-7.508752564420886344e-01,3.187126902360597036e+00,4.976881929216415479e+00,2.354643355991287990e-01,1.587036906861450491e+00,1.534319701951243786e+00
-7.855859200921063712e-01,3.121198015615564536e+00,4.810040963052707674e+00,2.314382103968235793e-01,1.569784221723553364e+00,1.569559077056506213e+00
-8.191597067383444841e-01,3.054670251909578305e+00,4.638332264354824375e+00,2.274238713967637882e-01,1.554644072943348387e+00,1.598481580446570405e+00
-8.516078141545319058e-01,2.987569375383910764e+00,4.462190874730687540e+00,2.234389219439743834e-01,1.541523097812813381e+00,1.630974867936162420e+00
-8.829414401143982349e-01,2.919921150179833891e+00,4.282163818163899016e+00,2.194944444369343328e-01,1.530323359689188756e+00,1.667257352541939186e+00
-9.131717823916728483e-01,2.851751340438620552e+00,4.098855332613475788e+00,2.156005104258280902e-01,1.521478247581994347e+00,1.700436112366026320e+00
-9.423100387600851224e-01,2.783085710301541837e+00,3.912963535893439371e+00,2.117662228397021174e-01,1.515054892886110505e+00,1.734601771143253313e+00
-9.703674069933645452e-01,2.713950023909869280e+00,3.725323444884974577e+00,2.079997643045715383e-01,1.511109207271994714e+00,1.764729965609496576e+00
-9.973550848652407153e-01,2.644370045404875302e+00,3.536955197434105802e+00,2.043084500413867854e-01,1.509684575812161977e+00,1.798087713210840599e+00
-1.023284270149442898e+00,2.574371538927832770e+00,3.349122404439209610e+00,2.006987840016343505e-01,1.510810819817895112e+00,1.828152649851553457e+00
-1.048166160619700138e+00,2.503980268620012772e+00,3.163404886036635943e+00,1.971765170696990754e-01,1.514503482971148562e+00,1.861727576780395799e+00
-1.072011954049743032e+00,2.433221998622687288e+00,2.981788875318208465e+00,1.937467063272046985e-01,1.520632644822962121e+00,1.897644911902720999e+00
-1.094832848213299847e+00,2.362122493077128293e+00,2.806774579062507158e+00,1.904137745345147459e-01,1.528955904659867748e+00,1.931056380139009043e+00
-1.116640040884100404e+00,2.290707516124608212e+00,2.641492833493364056e+00,1.871815691357011646e-01,1.539811679432415037e+00,1.967656054131760701e+00
-1.137444729835874302e+00,2.219002831906398576e+00,2.489803516542228312e+00,1.840534202300826705e-01,1.553160878653245369e+00,2.007243370438498431e+00
-1.157258112842350695e+00,2.147034204563771809e+00,2.356302934140197980e+00,1.810321970797252045e-01,1.568951719699243519e+00,2.046537937146220898e+00
-1.176091387677259181e+00,2.074827398237999443e+00,2.246021700444730484e+00,1.781203628350568613e-01,1.587120949309141160e+00,2.085497251573870781e+00
-1.193955752114329361e+00,2.002408177070353457e+00,2.162729406427782664e+00,1.753200272593616604e-01,1.607595244048320327e+00,2.100946432479020132e+00
-1.210862403927290387e+00,1.929802305202106716e+00,2.124465663426241768e+00,1.726279415472734002e-01,1.630292719860481521e+00,2.112454886625140915e+00
-1.226822540889871638e+00,1.857035546774529866e+00,2.147634598619793334e+00,1.688269335295725371e-01,1.655124483333593632e+00,2.125724708501627092e+00
-1.241847479015664169e+00,1.784133652220361910e+00,2.262371234612511550e+00,1.598662839854476103e-01,1.681996282967628487e+00,2.137137543000912299e+00
-1.255976745879918477e+00,1.711119101170515355e+00,2.427039647558389746e+00,1.436323624423284928e-01,1.710540180221903572e+00,2.151933698268444939e+00
-1.269314432047687902e+00,1.638006887929589483e+00,2.587091980607381547e+00,1.236630060821358318e-01,1.740928057152651087e+00,2.169937337281862000e+00
-1.281973620475612918e+00,1.564810964239166768e+00,2.743237519183952422e+00,1.031800214839873886e-01,1.773286975103536278e+00,2.190957749792077358e+00
-1.294067394120334447e+00,1.491545281840830128e+00,2.895552472589847159e+00,8.261450493130269301e-02,1.807609190763566964e+00,2.214800052544418474e+00
-1.305708835938492962e+00,1.418223792476162481e+00,3.043778400522470839e+00,6.199591385736827331e-02,1.843882604335908892e+00,2.240594933958245605e+00
-1.317011028886729385e+00,1.344860447886746302e+00,3.187507085042774690e+00,4.134511395356060826e-02,1.882090972052810507e+00,2.263278988308484507e+00
-1.328087055921684190e+00,1.271469199814164730e+00,3.326288135151715952e+00,2.067647186629609224e-02,1.922214224812241579e+00,2.288358253496126871e+00
-1.339049999999998519e+00,1.198064000000000462e+00,3.459866496137407932e+00,1.033885200214022977e-02,1.964228871475622418e+00,2.315650142250143428e+00
